Region ID;Region Name;Region pixels;Region area;Area unit;Object count;Object pixels;Object area;Area unit;Load;Scale(micron/pixel);Area(micron2);Density(cells/micron2)
0;Clear Label;0;0;pixels;102;1161;1161;pixels;0
997;root;629273;629272.552734;pixels;39;1291;1291;pixels;0.002052;0.88000;487309.0112;8.003135403542482e-05
8;Basic cell groups and regions;0;0;pixels;0;0;0;pixels;0
567;Cerebrum;0;0;pixels;0;0;0;pixels;0
688;Cerebral cortex;0;0;pixels;0;0;0;pixels;0
695;Cortical plate;0;0;pixels;0;0;0;pixels;0
315;Isocortex;0;0;pixels;0;0;0;pixels;0
184;Frontal pole, cerebral cortex;0;0;pixels;0;0;0;pixels;0
68;Frontal pole, layer 1;0;0;pixels;0;0;0;pixels;0
667;Frontal pole, layer 2/3;0;0;pixels;0;0;0;pixels;0
526157192;Frontal pole, layer 5;0;0;pixels;0;0;0;pixels;0
526157196;Frontal pole, layer 6a;0;0;pixels;0;0;0;pixels;0
526322264;Frontal pole, layer 6b;0;0;pixels;0;0;0;pixels;0
500;Somatomotor areas;0;0;pixels;0;0;0;pixels;0
107;Somatomotor areas, Layer 1;0;0;pixels;0;0;0;pixels;0
219;Somatomotor areas, Layer 2/3;0;0;pixels;0;0;0;pixels;0
299;Somatomotor areas, Layer 5;0;0;pixels;0;0;0;pixels;0
644;Somatomotor areas, Layer 6a;0;0;pixels;0;0;0;pixels;0
947;Somatomotor areas, Layer 6b;0;0;pixels;0;0;0;pixels;0
985;Primary motor area;0;0;pixels;0;0;0;pixels;0
320;Primary motor area, Layer 1;0;0;pixels;0;0;0;pixels;0
943;Primary motor area, Layer 2/3;0;0;pixels;0;0;0;pixels;0
648;Primary motor area, Layer 5;0;0;pixels;0;0;0;pixels;0
844;Primary motor area, Layer 6a;0;0;pixels;0;0;0;pixels;0
882;Primary motor area, Layer 6b;0;0;pixels;0;0;0;pixels;0
993;Secondary motor area;0;0;pixels;0;0;0;pixels;0
656;Secondary motor area, layer 1;0;0;pixels;0;0;0;pixels;0
962;Secondary motor area, layer 2/3;0;0;pixels;0;0;0;pixels;0
767;Secondary motor area, layer 5;0;0;pixels;0;0;0;pixels;0
1021;Secondary motor area, layer 6a;0;0;pixels;0;0;0;pixels;0
1085;Secondary motor area, layer 6b;0;0;pixels;0;0;0;pixels;0
453;Somatosensory areas;0;0;pixels;0;0;0;pixels;0
12993;Somatosensory areas, layer 1;0;0;pixels;0;0;0;pixels;0
12994;Somatosensory areas, layer 2/3;0;0;pixels;0;0;0;pixels;0
12995;Somatosensory areas, layer 4;0;0;pixels;0;0;0;pixels;0
12996;Somatosensory areas, layer 5;0;0;pixels;0;0;0;pixels;0
12997;Somatosensory areas, layer 6a;0;0;pixels;0;0;0;pixels;0
12998;Somatosensory areas, layer 6b;0;0;pixels;0;0;0;pixels;0
322;Primary somatosensory area;0;0;pixels;0;0;0;pixels;0
793;Primary somatosensory area, layer 1;0;0;pixels;0;0;0;pixels;0
346;Primary somatosensory area, layer 2/3;0;0;pixels;0;0;0;pixels;0
865;Primary somatosensory area, layer 4;0;0;pixels;0;0;0;pixels;0
921;Primary somatosensory area, layer 5;0;0;pixels;0;0;0;pixels;0
686;Primary somatosensory area, layer 6a;0;0;pixels;0;0;0;pixels;0
719;Primary somatosensory area, layer 6b;0;0;pixels;0;0;0;pixels;0
353;Primary somatosensory area, nose;0;0;pixels;0;0;0;pixels;0
558;Primary somatosensory area, nose, layer 1;0;0;pixels;0;0;0;pixels;0
838;Primary somatosensory area, nose, layer 2/3;0;0;pixels;0;0;0;pixels;0
654;Primary somatosensory area, nose, layer 4;0;0;pixels;0;0;0;pixels;0
702;Primary somatosensory area, nose, layer 5;0;0;pixels;0;0;0;pixels;0
889;Primary somatosensory area, nose, layer 6a;0;0;pixels;0;0;0;pixels;0
929;Primary somatosensory area, nose, layer 6b;0;0;pixels;0;0;0;pixels;0
329;Primary somatosensory area, barrel field;0;0;pixels;0;0;0;pixels;0
981;Primary somatosensory area, barrel field, layer 1;0;0;pixels;0;0;0;pixels;0
201;Primary somatosensory area, barrel field, layer 2/3;0;0;pixels;0;0;0;pixels;0
1047;Primary somatosensory area, barrel field, layer 4;0;0;pixels;0;0;0;pixels;0
1070;Primary somatosensory area, barrel field, layer 5;0;0;pixels;0;0;0;pixels;0
1038;Primary somatosensory area, barrel field, layer 6a;0;0;pixels;0;0;0;pixels;0
1062;Primary somatosensory area, barrel field, layer 6b;0;0;pixels;0;0;0;pixels;0
480149202;Rostrolateral lateral visual area;0;0;pixels;0;0;0;pixels;0
480149206;Rostrolateral lateral visual area, layer 1;0;0;pixels;0;0;0;pixels;0
480149210;Rostrolateral lateral visual area, layer 2/3;0;0;pixels;0;0;0;pixels;0
480149214;Rostrolateral lateral visual area, layer 4;0;0;pixels;0;0;0;pixels;0
480149218;Rostrolateral lateral visual area,layer 5;0;0;pixels;0;0;0;pixels;0
480149222;Rostrolateral lateral visual area, layer 6a;0;0;pixels;0;0;0;pixels;0
480149226;Rostrolateral lateral visual area, layer 6b;0;0;pixels;0;0;0;pixels;0
337;Primary somatosensory area, lower limb;0;0;pixels;0;0;0;pixels;0
1030;Primary somatosensory area, lower limb, layer 1;0;0;pixels;0;0;0;pixels;0
113;Primary somatosensory area, lower limb, layer 2/3;0;0;pixels;0;0;0;pixels;0
1094;Primary somatosensory area, lower limb, layer 4;0;0;pixels;0;0;0;pixels;0
1128;Primary somatosensory area, lower limb, layer 5;0;0;pixels;0;0;0;pixels;0
478;Primary somatosensory area, lower limb, layer 6a;0;0;pixels;0;0;0;pixels;0
510;Primary somatosensory area, lower limb, layer 6b;0;0;pixels;0;0;0;pixels;0
345;Primary somatosensory area, mouth;0;0;pixels;0;0;0;pixels;0
878;Primary somatosensory area, mouth, layer 1;0;0;pixels;0;0;0;pixels;0
657;Primary somatosensory area, mouth, layer 2/3;0;0;pixels;0;0;0;pixels;0
950;Primary somatosensory area, mouth, layer 4;0;0;pixels;0;0;0;pixels;0
974;Primary somatosensory area, mouth, layer 5;0;0;pixels;0;0;0;pixels;0
1102;Primary somatosensory area, mouth, layer 6a;0;0;pixels;0;0;0;pixels;0
2;Primary somatosensory area, mouth, layer 6b;0;0;pixels;0;0;0;pixels;0
369;Primary somatosensory area, upper limb;0;0;pixels;0;0;0;pixels;0
450;Primary somatosensory area, upper limb, layer 1;0;0;pixels;0;0;0;pixels;0
854;Primary somatosensory area, upper limb, layer 2/3;0;0;pixels;0;0;0;pixels;0
577;Primary somatosensory area, upper limb, layer 4;0;0;pixels;0;0;0;pixels;0
625;Primary somatosensory area, upper limb, layer 5;0;0;pixels;0;0;0;pixels;0
945;Primary somatosensory area, upper limb, layer 6a;0;0;pixels;0;0;0;pixels;0
1026;Primary somatosensory area, upper limb, layer 6b;0;0;pixels;0;0;0;pixels;0
361;Primary somatosensory area, trunk;0;0;pixels;0;0;0;pixels;0
1006;Primary somatosensory area, trunk, layer 1;0;0;pixels;0;0;0;pixels;0
670;Primary somatosensory area, trunk, layer 2/3;0;0;pixels;0;0;0;pixels;0
1086;Primary somatosensory area, trunk, layer 4;0;0;pixels;0;0;0;pixels;0
1111;Primary somatosensory area, trunk, layer 5;0;0;pixels;0;0;0;pixels;0
9;Primary somatosensory area, trunk, layer 6a;0;0;pixels;0;0;0;pixels;0
461;Primary somatosensory area, trunk, layer 6b;0;0;pixels;0;0;0;pixels;0
182305689;Primary somatosensory area, unassigned;0;0;pixels;0;0;0;pixels;0
182305693;Primary somatosensory area, unassigned, layer 1;0;0;pixels;0;0;0;pixels;0
182305697;Primary somatosensory area, unassigned, layer 2/3;0;0;pixels;0;0;0;pixels;0
182305701;Primary somatosensory area, unassigned, layer 4;0;0;pixels;0;0;0;pixels;0
182305705;Primary somatosensory area, unassigned, layer 5;0;0;pixels;0;0;0;pixels;0
182305709;Primary somatosensory area, unassigned, layer 6a;0;0;pixels;0;0;0;pixels;0
182305713;Primary somatosensory area, unassigned, layer 6b;0;0;pixels;0;0;0;pixels;0
378;Supplemental somatosensory area;0;0;pixels;0;0;0;pixels;0
873;Supplemental somatosensory area, layer 1;0;0;pixels;0;0;0;pixels;0
806;Supplemental somatosensory area, layer 2/3;0;0;pixels;0;0;0;pixels;0
1035;Supplemental somatosensory area, layer 4;0;0;pixels;0;0;0;pixels;0
1090;Supplemental somatosensory area, layer 5;0;0;pixels;0;0;0;pixels;0
862;Supplemental somatosensory area, layer 6a;0;0;pixels;0;0;0;pixels;0
893;Supplemental somatosensory area, layer 6b;0;0;pixels;0;0;0;pixels;0
1057;Gustatory areas;0;0;pixels;0;0;0;pixels;0
36;Gustatory areas, layer 1;0;0;pixels;0;0;0;pixels;0
180;Gustatory areas, layer 2/3;0;0;pixels;0;0;0;pixels;0
148;Gustatory areas, layer 4;0;0;pixels;0;0;0;pixels;0
187;Gustatory areas, layer 5;0;0;pixels;0;0;0;pixels;0
638;Gustatory areas, layer 6a;0;0;pixels;0;0;0;pixels;0
662;Gustatory areas, layer 6b;0;0;pixels;0;0;0;pixels;0
677;Visceral area;0;0;pixels;0;0;0;pixels;0
897;Visceral area, layer 1;0;0;pixels;0;0;0;pixels;0
1106;Visceral area, layer 2/3;0;0;pixels;0;0;0;pixels;0
1010;Visceral area, layer 4;0;0;pixels;0;0;0;pixels;0
1058;Visceral area, layer 5;0;0;pixels;0;0;0;pixels;0
857;Visceral area, layer 6a;0;0;pixels;0;0;0;pixels;0
849;Visceral area, layer 6b;0;0;pixels;0;0;0;pixels;0
247;Auditory areas;0;0;pixels;0;0;0;pixels;0
1011;Dorsal auditory area;0;0;pixels;0;0;0;pixels;0
527;Dorsal auditory area, layer 1;0;0;pixels;0;0;0;pixels;0
600;Dorsal auditory area, layer 2/3;0;0;pixels;0;0;0;pixels;0
678;Dorsal auditory area, layer 4;0;0;pixels;0;0;0;pixels;0
252;Dorsal auditory area, layer 5;0;0;pixels;0;0;0;pixels;0
156;Dorsal auditory area, layer 6a;0;0;pixels;0;0;0;pixels;0
243;Dorsal auditory area, layer 6b;0;0;pixels;0;0;0;pixels;0
480149230;Laterolateral anterior visual area;0;0;pixels;0;0;0;pixels;0
480149234;Laterolateral anterior visual area, layer 1;0;0;pixels;0;0;0;pixels;0
480149238;Laterolateral anterior visual area, layer 2/3;0;0;pixels;0;0;0;pixels;0
480149242;Laterolateral anterior visual area, layer 4;0;0;pixels;0;0;0;pixels;0
480149246;Laterolateral anterior visual area,layer 5;0;0;pixels;0;0;0;pixels;0
480149250;Laterolateral anterior visual area, layer 6a;0;0;pixels;0;0;0;pixels;0
480149254;Laterolateral anterior visual area, layer 6b;0;0;pixels;0;0;0;pixels;0
1002;Primary auditory area;0;0;pixels;0;0;0;pixels;0
735;Primary auditory area, layer 1;287225;287224.782593;pixels;21;652;652;pixels;0.002270;0.88000;222427.04;9.441298144326337e-05
251;Primary auditory area, layer 2/3;331322;331321.533447;pixels;124;3663;3663;pixels;0.011056;0.88000;256575.7568;0.00048328806098643846
816;Primary auditory area, layer 4;179962;179962.415649;pixels;59;1504;1504;pixels;0.008357;0.88000;139362.5728;0.00042335613367780765
847;Primary auditory area, layer 5;574450;574449.565186;pixels;181;5467;5467;pixels;0.009517;0.88000;444854.08;0.0004068749914578731
954;Primary auditory area, layer 6a;236573;236573.109314;pixels;79;2991;2991;pixels;0.012643;0.88000;183202.1312;0.0004312176909872105
1005;Primary auditory area, layer 6b;56015;56014.791626;pixels;8;284;284;pixels;0.005070;0.88000;43378.015999999996;0.0001844252166811871
1027;Posterior auditory area;0;0;pixels;0;0;0;pixels;0
696;Posterior auditory area, layer 1;144208;144208.293335;pixels;8;271;271;pixels;0.001879;0.88000;111674.6752;7.163665339229928e-05
643;Posterior auditory area, layer 2/3;203203;203202.595154;pixels;66;2388;2388;pixels;0.011752;0.88000;157360.4032;0.0004194193625452022
759;Posterior auditory area, layer 4;103091;103091.052673;pixels;31;806;806;pixels;0.007818;0.88000;79833.6704;0.0003883073375516504
791;Posterior auditory area, layer 5;281862;281861.664246;pixels;92;2850;2850;pixels;0.010111;0.88000;218273.9328;0.000421488717502047
249;Posterior auditory area, layer 6a;133482;133482.056641;pixels;46;1479;1479;pixels;0.011080;0.88000;103368.4608;0.0004450100121835228
456;Posterior auditory area, layer 6b;29795;29795.101929;pixels;8;183;183;pixels;0.006142;0.88000;23073.248;0.000346721883282319
1018;Ventral auditory area;0;0;pixels;0;0;0;pixels;0
959;Ventral auditory area, layer 1;147784;147783.705566;pixels;7;347;347;pixels;0.002348;0.88000;114443.9296;6.116532370450866e-05
755;Ventral auditory area, layer 2/3;166257;166256.668762;pixels;17;598;598;pixels;0.003597;0.88000;128749.4208;0.0001320394289494155
990;Ventral auditory area, layer 4;88789;88789.403748;pixels;14;417;417;pixels;0.004697;0.88000;68758.2016;0.00020361207353043975
1023;Ventral auditory area, layer 5;327746;327746.121216;pixels;88;3652;3652;pixels;0.011143;0.88000;253806.5024;0.00034672082538418056
520;Ventral auditory area, layer 6a;123948;123947.624023;pixels;54;1678;1678;pixels;0.013538;0.88000;95985.3312;0.0005625859631351671
598;Ventral auditory area, layer 6b;27411;27411.493774;pixels;3;66;66;pixels;0.002408;0.88000;21227.078400000002;0.00014132891693658604
669;Visual areas;0;0;pixels;0;0;0;pixels;0
801;Visual areas, layer 1;0;0;pixels;0;0;0;pixels;0
561;Visual areas, layer 2/3;0;0;pixels;0;0;0;pixels;0
913;Visual areas, layer 4;0;0;pixels;0;0;0;pixels;0
937;Visual areas, layer 5;0;0;pixels;0;0;0;pixels;0
457;Visual areas, layer 6a;0;0;pixels;0;0;0;pixels;0
497;Visual areas, layer 6b;0;0;pixels;0;0;0;pixels;0
402;Anterolateral visual area;0;0;pixels;0;0;0;pixels;0
1074;Anterolateral visual area, layer 1;203798;203798.497192;pixels;23;1012;1012;pixels;0.004966;0.88000;157821.17119999998;0.00014573456669418
905;Anterolateral visual area, layer 2/3;346219;346219.084412;pixels;120;4329;4329;pixels;0.012504;0.88000;268111.99360000005;0.00044757415880107787
1114;Anterolateral visual area, layer 4;185326;185325.533997;pixels;63;1877;1877;pixels;0.010128;0.88000;143516.45440000002;0.00043897405536796755
233;Anterolateral visual area, layer 5;407001;407001.092346;pixels;170;5992;5992;pixels;0.014722;0.88000;315181.5744;0.0005393716314909049
601;Anterolateral visual area, layer 6a;237765;237764.913391;pixels;103;3871;3871;pixels;0.016281;0.88000;184125.21600000001;0.0005594019235257814
649;Anterolateral visual area, layer 6b;50056;50055.771240;pixels;4;147;147;pixels;0.002937;0.88000;38763.3664;0.00010319021208643014
394;Anteromedial visual area;0;0;pixels;0;0;0;pixels;0
281;Anteromedial visual area, layer 1;0;0;pixels;0;0;0;pixels;0
1066;Anteromedial visual area, layer 2/3;0;0;pixels;0;0;0;pixels;0
401;Anteromedial visual area, layer 4;0;0;pixels;0;0;0;pixels;0
433;Anteromedial visual area, layer 5;0;0;pixels;0;0;0;pixels;0
1046;Anteromedial visual area, layer 6a;0;0;pixels;0;0;0;pixels;0
441;Anteromedial visual area, layer 6b;0;0;pixels;0;0;0;pixels;0
409;Lateral visual area;0;0;pixels;0;0;0;pixels;0
421;Lateral visual area, layer 1;0;0;pixels;0;0;0;pixels;0
973;Lateral visual area, layer 2/3;0;0;pixels;0;0;0;pixels;0
573;Lateral visual area, layer 4;0;0;pixels;0;0;0;pixels;0
613;Lateral visual area, layer 5;0;0;pixels;0;0;0;pixels;0
74;Lateral visual area, layer 6a;0;0;pixels;0;0;0;pixels;0
121;Lateral visual area, layer 6b;0;0;pixels;0;0;0;pixels;0
385;Primary visual area;0;0;pixels;0;0;0;pixels;0
593;Primary visual area, layer 1;401042;401042.071960;pixels;70;3203;3203;pixels;0.007987;0.88000;310566.92480000004;0.00022539425292979553
821;Primary visual area, layer 2/3;673369;673369.303589;pixels;283;10518;10518;pixels;0.015620;0.88000;521456.95359999995;0.0005427101854644825
721;Primary visual area, layer 4;393891;393891.247498;pixels;183;5436;5436;pixels;0.013801;0.88000;305029.1904;0.0005999425817575785
778;Primary visual area, layer 5;611395;611395.491577;pixels;261;8892;8892;pixels;0.014544;0.88000;473464.288;0.0005512559375967127
33;Primary visual area, layer 6a;440968;440967.508545;pixels;246;8927;8927;pixels;0.020244;0.88000;341485.6192;0.000720381726692636
305;Primary visual area, layer 6b;94153;94152.522095;pixels;36;1406;1406;pixels;0.014933;0.88000;72912.0832;0.0004937453220373767
425;Posterolateral visual area;0;0;pixels;0;0;0;pixels;0
750;Posterolateral visual area, layer 1;0;0;pixels;0;0;0;pixels;0
269;Posterolateral visual area, layer 2/3;0;0;pixels;0;0;0;pixels;0
869;Posterolateral visual area, layer 4;0;0;pixels;0;0;0;pixels;0
902;Posterolateral visual area, layer 5;0;0;pixels;0;0;0;pixels;0
377;Posterolateral visual area, layer 6a;0;0;pixels;0;0;0;pixels;0
393;Posterolateral visual area, layer 6b;0;0;pixels;0;0;0;pixels;0
533;posteromedial visual area;0;0;pixels;0;0;0;pixels;0
805;posteromedial visual area, layer 1;156722;156722.236145;pixels;25;995;995;pixels;0.006349;0.88000;121365.51680000001;0.00020598931771697443
41;posteromedial visual area, layer 2/3;239553;239552.619507;pixels;105;4412;4412;pixels;0.018418;0.88000;185509.8432;0.0005660077017411872
501;posteromedial visual area, layer 4;99516;99515.640442;pixels;61;2251;2251;pixels;0.022620;0.88000;77065.1904;0.0007915376538147111
565;posteromedial visual area, layer 5;287821;287820.684631;pixels;158;5654;5654;pixels;0.019644;0.88000;222888.5824;0.0007088743546156629
257;posteromedial visual area, layer 6a;161489;161489.452454;pixels;70;2355;2355;pixels;0.014583;0.88000;125057.0816;0.0005597443911564941
469;posteromedial visual area, layer 6b;35754;35754.122314;pixels;19;537;537;pixels;0.015019;0.88000;27687.8976;0.0006862203939962563
312782574;Laterointermediate area;0;0;pixels;0;0;0;pixels;0
312782578;Laterointermediate area, layer 1;0;0;pixels;0;0;0;pixels;0
312782582;Laterointermediate area, layer 2/3;0;0;pixels;0;0;0;pixels;0
312782586;Laterointermediate area, layer 4;0;0;pixels;0;0;0;pixels;0
312782590;Laterointermediate area, layer 5;0;0;pixels;0;0;0;pixels;0
312782594;Laterointermediate area, layer 6a;0;0;pixels;0;0;0;pixels;0
312782598;Laterointermediate area, layer 6b;0;0;pixels;0;0;0;pixels;0
312782628;Postrhinal area;0;0;pixels;0;0;0;pixels;0
312782632;Postrhinal area, layer 1;0;0;pixels;0;0;0;pixels;0
312782636;Postrhinal area, layer 2/3;0;0;pixels;0;0;0;pixels;0
312782640;Postrhinal area, layer 4;0;0;pixels;0;0;0;pixels;0
312782644;Postrhinal area, layer 5;0;0;pixels;0;0;0;pixels;0
312782648;Postrhinal area, layer 6a;0;0;pixels;0;0;0;pixels;0
312782652;Postrhinal area, layer 6b;0;0;pixels;0;0;0;pixels;0
31;Anterior cingulate area;0;0;pixels;0;0;0;pixels;0
572;Anterior cingulate area, layer 1;0;0;pixels;0;0;0;pixels;0
1053;Anterior cingulate area, layer 2/3;0;0;pixels;0;0;0;pixels;0
739;Anterior cingulate area, layer 5;0;0;pixels;0;0;0;pixels;0
179;Anterior cingulate area, layer 6a;0;0;pixels;0;0;0;pixels;0
227;Anterior cingulate area, layer 6b;0;0;pixels;0;0;0;pixels;0
39;Anterior cingulate area, dorsal part;0;0;pixels;0;0;0;pixels;0
935;Anterior cingulate area, dorsal part, layer 1;0;0;pixels;0;0;0;pixels;0
211;Anterior cingulate area, dorsal part, layer 2/3;0;0;pixels;0;0;0;pixels;0
1015;Anterior cingulate area, dorsal part, layer 5;0;0;pixels;0;0;0;pixels;0
919;Anterior cingulate area, dorsal part, layer 6a;0;0;pixels;0;0;0;pixels;0
927;Anterior cingulate area, dorsal part, layer 6b;0;0;pixels;0;0;0;pixels;0
48;Anterior cingulate area, ventral part;0;0;pixels;0;0;0;pixels;0
588;Anterior cingulate area, ventral part, layer 1;0;0;pixels;0;0;0;pixels;0
296;Anterior cingulate area, ventral part, layer 2/3;0;0;pixels;0;0;0;pixels;0
772;Anterior cingulate area, ventral part, layer 5;0;0;pixels;0;0;0;pixels;0
810;Anterior cingulate area, ventral part, 6a;0;0;pixels;0;0;0;pixels;0
819;Anterior cingulate area, ventral part, 6b;0;0;pixels;0;0;0;pixels;0
972;Prelimbic area;0;0;pixels;0;0;0;pixels;0
171;Prelimbic area, layer 1;0;0;pixels;0;0;0;pixels;0
195;Prelimbic area, layer 2;0;0;pixels;0;0;0;pixels;0
304;Prelimbic area, layer 2/3;0;0;pixels;0;0;0;pixels;0
363;Prelimbic area, layer 5;0;0;pixels;0;0;0;pixels;0
84;Prelimbic area, layer 6a;0;0;pixels;0;0;0;pixels;0
132;Prelimbic area, layer 6b;0;0;pixels;0;0;0;pixels;0
44;Infralimbic area;0;0;pixels;0;0;0;pixels;0
707;Infralimbic area, layer 1;0;0;pixels;0;0;0;pixels;0
747;Infralimbic area, layer 2;0;0;pixels;0;0;0;pixels;0
556;Infralimbic area, layer 2/3;0;0;pixels;0;0;0;pixels;0
827;Infralimbic area, layer 5;0;0;pixels;0;0;0;pixels;0
1054;Infralimbic area, layer 6a;0;0;pixels;0;0;0;pixels;0
1081;Infralimbic area, layer 6b;0;0;pixels;0;0;0;pixels;0
714;Orbital area;0;0;pixels;0;0;0;pixels;0
264;Orbital area, layer 1;0;0;pixels;0;0;0;pixels;0
492;Orbital area, layer 2/3;0;0;pixels;0;0;0;pixels;0
352;Orbital area, layer 5;0;0;pixels;0;0;0;pixels;0
476;Orbital area, layer 6a;0;0;pixels;0;0;0;pixels;0
516;Orbital area, layer 6b;0;0;pixels;0;0;0;pixels;0
723;Orbital area, lateral part;0;0;pixels;0;0;0;pixels;0
448;Orbital area, lateral part, layer 1;0;0;pixels;0;0;0;pixels;0
412;Orbital area, lateral part, layer 2/3;0;0;pixels;0;0;0;pixels;0
630;Orbital area, lateral part, layer 5;0;0;pixels;0;0;0;pixels;0
440;Orbital area, lateral part, layer 6a;0;0;pixels;0;0;0;pixels;0
488;Orbital area, lateral part, layer 6b;0;0;pixels;0;0;0;pixels;0
731;Orbital area, medial part;0;0;pixels;0;0;0;pixels;0
484;Orbital area, medial part, layer 1;0;0;pixels;0;0;0;pixels;0
524;Orbital area, medial part, layer 2;0;0;pixels;0;0;0;pixels;0
582;Orbital area, medial part, layer 2/3;0;0;pixels;0;0;0;pixels;0
620;Orbital area, medial part, layer 5;0;0;pixels;0;0;0;pixels;0
910;Orbital area, medial part, layer 6a;0;0;pixels;0;0;0;pixels;0
527696977;Orbital area, medial part, layer 6b;0;0;pixels;0;0;0;pixels;0
738;Orbital area, ventral part;0;0;pixels;0;0;0;pixels;0
746;Orbital area, ventrolateral part;0;0;pixels;0;0;0;pixels;0
969;Orbital area, ventrolateral part, layer 1;0;0;pixels;0;0;0;pixels;0
288;Orbital area, ventrolateral part, layer 2/3;0;0;pixels;0;0;0;pixels;0
1125;Orbital area, ventrolateral part, layer 5;0;0;pixels;0;0;0;pixels;0
608;Orbital area, ventrolateral part, layer 6a;0;0;pixels;0;0;0;pixels;0
680;Orbital area, ventrolateral part, layer 6b;0;0;pixels;0;0;0;pixels;0
95;Agranular insular area;0;0;pixels;0;0;0;pixels;0
104;Agranular insular area, dorsal part;0;0;pixels;0;0;0;pixels;0
996;Agranular insular area, dorsal part, layer 1;0;0;pixels;0;0;0;pixels;0
328;Agranular insular area, dorsal part, layer 2/3;0;0;pixels;0;0;0;pixels;0
1101;Agranular insular area, dorsal part, layer 5;0;0;pixels;0;0;0;pixels;0
783;Agranular insular area, dorsal part, layer 6a;0;0;pixels;0;0;0;pixels;0
831;Agranular insular area, dorsal part, layer 6b;0;0;pixels;0;0;0;pixels;0
111;Agranular insular area, posterior part;0;0;pixels;0;0;0;pixels;0
120;Agranular insular area, posterior part, layer 1;0;0;pixels;0;0;0;pixels;0
163;Agranular insular area, posterior part, layer 2/3;0;0;pixels;0;0;0;pixels;0
344;Agranular insular area, posterior part, layer 5;0;0;pixels;0;0;0;pixels;0
314;Agranular insular area, posterior part, layer 6a;0;0;pixels;0;0;0;pixels;0
355;Agranular insular area, posterior part, layer 6b;0;0;pixels;0;0;0;pixels;0
119;Agranular insular area, ventral part;0;0;pixels;0;0;0;pixels;0
704;Agranular insular area, ventral part, layer 1;0;0;pixels;0;0;0;pixels;0
694;Agranular insular area, ventral part, layer 2/3;0;0;pixels;0;0;0;pixels;0
800;Agranular insular area, ventral part, layer 5;0;0;pixels;0;0;0;pixels;0
675;Agranular insular area, ventral part, layer 6a;0;0;pixels;0;0;0;pixels;0
699;Agranular insular area, ventral part, layer 6b;0;0;pixels;0;0;0;pixels;0
254;Retrosplenial area;0;0;pixels;0;0;0;pixels;0
894;Retrosplenial area, lateral agranular part;0;0;pixels;0;0;0;pixels;0
671;Retrosplenial area, lateral agranular part, layer 1;107858;107858.268982;pixels;44;1240;1240;pixels;0.011497;0.88000;83525.2352;0.0005267869033190104
965;Retrosplenial area, lateral agranular part, layer 2/3;139441;139441.077026;pixels;32;1004;1004;pixels;0.007200;0.88000;107983.1104;0.0002963426398949145
774;Retrosplenial area, lateral agranular part, layer 5;176387;176387.003418;pixels;46;1576;1576;pixels;0.008935;0.88000;136594.0928;0.00033676419717031857
906;Retrosplenial area, lateral agranular part, layer 6a;71508;71508.244629;pixels;23;864;864;pixels;0.012083;0.88000;55375.7952;0.0004153439226819446
279;Retrosplenial area, lateral agranular part, layer 6b;13706;13705.746887;pixels;6;308;308;pixels;0.022472;0.88000;10613.9264;0.0005652950448196061
480149258;Mediomedial anterior visual area;0;0;pixels;0;0;0;pixels;0
480149262;Mediomedial anterior visual area, layer 1;0;0;pixels;0;0;0;pixels;0
480149266;Mediomedial anterior visual area, layer 2/3;0;0;pixels;0;0;0;pixels;0
480149270;Mediomedial anterior visual area, layer 4;0;0;pixels;0;0;0;pixels;0
480149274;Mediomedial anterior visual area,layer 5;0;0;pixels;0;0;0;pixels;0
480149278;Mediomedial anterior visual area, layer 6a;0;0;pixels;0;0;0;pixels;0
480149282;Mediomedial anterior visual area, layer 6b;0;0;pixels;0;0;0;pixels;0
480149286;Mediomedial posterior visual area;0;0;pixels;0;0;0;pixels;0
480149290;Mediomedial posterior visual area, layer 1;0;0;pixels;0;0;0;pixels;0
480149294;Mediomedial posterior visual area, layer 2/3;0;0;pixels;0;0;0;pixels;0
480149298;Mediomedial posterior visual area, layer 4;0;0;pixels;0;0;0;pixels;0
480149302;Mediomedial posterior visual area,layer 5;0;0;pixels;0;0;0;pixels;0
480149306;Mediomedial posterior visual area, layer 6a;0;0;pixels;0;0;0;pixels;0
480149310;Mediomedial posterior visual area, layer 6b;0;0;pixels;0;0;0;pixels;0
480149314;Medial visual area;0;0;pixels;0;0;0;pixels;0
480149318;Medial visual area, layer 1;0;0;pixels;0;0;0;pixels;0
480149322;Medial visual area, layer 2/3;0;0;pixels;0;0;0;pixels;0
480149326;Medial visual area, layer 4;0;0;pixels;0;0;0;pixels;0
480149330;Medial visual area,layer 5;0;0;pixels;0;0;0;pixels;0
480149334;Medial visual area, layer 6a;0;0;pixels;0;0;0;pixels;0
480149338;Medial visual area, layer 6b;0;0;pixels;0;0;0;pixels;0
879;Retrosplenial area, dorsal part;0;0;pixels;0;0;0;pixels;0
442;Retrosplenial area, dorsal part, layer 1;189497;189496.848267;pixels;39;950;950;pixels;0.005013;0.88000;146746.4768;0.00026576447251372784
434;Retrosplenial area, dorsal part, layer 2/3;215121;215120.635925;pixels;138;3965;3965;pixels;0.018432;0.88000;166589.7024;0.0008283825351260126
545;Retrosplenial area, dorsal part, layer 4;0;0;pixels;0;0;0;pixels;0
610;Retrosplenial area, dorsal part, layer 5;318808;318807.590637;pixels;102;2610;2610;pixels;0.008187;0.88000;246884.9152;0.0004131479637683429
274;Retrosplenial area, dorsal part, layer 6a;231210;231209.990967;pixels;83;2347;2347;pixels;0.010151;0.88000;179049.024;0.0004635601923191717
330;Retrosplenial area, dorsal part, layer 6b;6555;6554.922424;pixels;0;0;0;pixels;0;0.88000;5076.192;0.0
886;Retrosplenial area, ventral part;0;0;pixels;0;0;0;pixels;0
542;Retrosplenial area, ventral part, layer 1;529757;529756.912292;pixels;50;1104;1104;pixels;0.002084;0.88000;410243.8208;0.00012187874006852074
606;Retrosplenial area, ventral part, layer 2;0;0;pixels;0;0;0;pixels;0
430;Retrosplenial area, ventral part, layer 2/3;491619;491619.181824;pixels;109;2666;2666;pixels;0.005423;0.88000;380709.75360000005;0.00028630734823390663
687;Retrosplenial area, ventral part, layer 5;1000520;1000519.522766;pixels;426;11183;11183;pixels;0.011177;0.88000;774802.688;0.0005498174007367409
590;Retrosplenial area, ventral part, layer 6a;473146;473146.218628;pixels;114;3442;3442;pixels;0.007275;0.88000;366404.2624;0.00031113175172494935
622;Retrosplenial area, ventral part, layer 6b;14898;14897.550964;pixels;5;121;121;pixels;0.008122;0.88000;11537.011199999999;0.000433387808447304
22;Posterior parietal association areas;0;0;pixels;0;0;0;pixels;0
532;Posterior parietal association areas, layer 1;0;0;pixels;0;0;0;pixels;0
241;Posterior parietal association areas, layer 2/3;0;0;pixels;0;0;0;pixels;0
635;Posterior parietal association areas, layer 4;0;0;pixels;0;0;0;pixels;0
683;Posterior parietal association areas, layer 5;0;0;pixels;0;0;0;pixels;0
308;Posterior parietal association areas, layer 6a;0;0;pixels;0;0;0;pixels;0
340;Posterior parietal association areas, layer 6b;0;0;pixels;0;0;0;pixels;0
312782546;Anterior area;0;0;pixels;0;0;0;pixels;0
312782550;Anterior area, layer 1;0;0;pixels;0;0;0;pixels;0
312782554;Anterior area, layer 2/3;0;0;pixels;0;0;0;pixels;0
312782558;Anterior area, layer 4;0;0;pixels;0;0;0;pixels;0
312782562;Anterior area, layer 5;0;0;pixels;0;0;0;pixels;0
312782566;Anterior area, layer 6a;0;0;pixels;0;0;0;pixels;0
312782570;Anterior area, layer 6b;0;0;pixels;0;0;0;pixels;0
417;Rostrolateral visual area;0;0;pixels;0;0;0;pixels;0
312782604;Rostrolateral area, layer 1;26220;26219.689697;pixels;8;308;308;pixels;0.011747;0.88000;20304.768;0.0003939961293820249
312782608;Rostrolateral area, layer 2/3;40521;40521.338623;pixels;17;544;544;pixels;0.013425;0.88000;31379.462400000004;0.0005417556165653112
312782612;Rostrolateral area, layer 4;21452;21452.473389;pixels;4;117;117;pixels;0.005454;0.88000;16612.428799999998;0.0002407835752469862
312782616;Rostrolateral area, layer 5;34562;34562.318237;pixels;12;576;576;pixels;0.016666;0.88000;26764.8128;0.0004483498573171414
312782620;Rostrolateral area, layer 6a;25028;25027.885620;pixels;18;706;706;pixels;0.028209;0.88000;19381.6832;0.0009287119087778712
312782624;Rostrolateral area, layer 6b;4767;4767.216309;pixels;0;0;0;pixels;0;0.88000;3691.5648;0.0
541;Temporal association areas;0;0;pixels;0;0;0;pixels;0
97;Temporal association areas, layer 1;139441;139441.077026;pixels;6;314;314;pixels;0.002252;0.88000;107983.1104;5.556424498029647e-05
1127;Temporal association areas, layer 2/3;166257;166256.668762;pixels;31;1192;1192;pixels;0.007170;0.88000;128749.4208;0.00024077778220187534
234;Temporal association areas, layer 4;70912;70912.342590;pixels;10;210;210;pixels;0.002961;0.88000;54914.252799999995;0.0001821020862547364
289;Temporal association areas, layer 5;271731;271731.329590;pixels;112;4192;4192;pixels;0.015427;0.88000;210428.4864;0.0005322473297987853
729;Temporal association areas, layer 6a;143016;143016.489258;pixels;35;1735;1735;pixels;0.012131;0.88000;110751.5904;0.000316022549866697
786;Temporal association areas, layer 6b;17877;17877.061157;pixels;4;138;138;pixels;0.007719;0.88000;13843.9488;0.0002889349027352658
922;Perirhinal area;0;0;pixels;0;0;0;pixels;0
540;Perirhinal area, layer 1;103091;103091.052673;pixels;9;281;281;pixels;0.002726;0.88000;79833.6704;0.00011273438832144688
888;Perirhinal area, layer 2/3;165661;165660.766724;pixels;43;1699;1699;pixels;0.010256;0.88000;128287.8784;0.0003351836552002718
692;Perirhinal area, layer 5;75680;75679.558899;pixels;33;1321;1321;pixels;0.017455;0.88000;58606.592;0.0005630765904285989
335;Perirhinal area, layer 6a;21452;21452.473389;pixels;3;100;100;pixels;0.004661;0.88000;16612.428799999998;0.00018058768143523965
368;Perirhinal area, layer 6b;4767;4767.216309;pixels;0;0;0;pixels;0;0.88000;3691.5648;0.0
895;Ectorhinal area;0;0;pixels;0;0;0;pixels;0
836;Ectorhinal area/Layer 1;97728;97727.934326;pixels;4;119;119;pixels;0.001218;0.88000;75680.5632;5.285372929148603e-05
427;Ectorhinal area/Layer 2/3;213333;213332.929810;pixels;30;1227;1227;pixels;0.005752;0.88000;165205.07520000002;0.0001815924841514796
988;Ectorhinal area/Layer 5;203203;203202.595154;pixels;89;3618;3618;pixels;0.017805;0.88000;157360.4032;0.0005655806555533787
977;Ectorhinal area/Layer 6a;182346;182346.023804;pixels;41;1819;1819;pixels;0.009976;0.88000;141208.74240000002;0.0002903502949120521
1045;Ectorhinal area/Layer 6b;31583;31582.808044;pixels;1;40;40;pixels;0.001267;0.88000;24457.875200000002;4.088662616121289e-05
698;Olfactory areas;24432;24431.983582;pixels;6;228;228;pixels;0.009332;0.88000;18920.1408;0.00031712237574891617
507;Main olfactory bulb;0;0;pixels;0;0;0;pixels;0
212;Main olfactory bulb, glomerular layer;0;0;pixels;0;0;0;pixels;0
220;Main olfactory bulb, granule layer;0;0;pixels;0;0;0;pixels;0
228;Main olfactory bulb, inner plexiform layer;0;0;pixels;0;0;0;pixels;0
236;Main olfactory bulb, mitral layer;0;0;pixels;0;0;0;pixels;0
244;Main olfactory bulb, outer plexiform layer;0;0;pixels;0;0;0;pixels;0
151;Accessory olfactory bulb;0;0;pixels;0;0;0;pixels;0
188;Accessory olfactory bulb, glomerular layer;0;0;pixels;0;0;0;pixels;0
196;Accessory olfactory bulb, granular layer;0;0;pixels;0;0;0;pixels;0
204;Accessory olfactory bulb, mitral layer;0;0;pixels;0;0;0;pixels;0
159;Anterior olfactory nucleus;0;0;pixels;0;0;0;pixels;0
167;Anterior olfactory nucleus, dorsal part;0;0;pixels;0;0;0;pixels;0
175;Anterior olfactory nucleus, external part;0;0;pixels;0;0;0;pixels;0
183;Anterior olfactory nucleus, lateral part;0;0;pixels;0;0;0;pixels;0
191;Anterior olfactory nucleus, medial part;0;0;pixels;0;0;0;pixels;0
199;Anterior olfactory nucleus, posteroventral part;0;0;pixels;0;0;0;pixels;0
160;Anterior olfactory nucleus, layer 1;0;0;pixels;0;0;0;pixels;0
168;Anterior olfactory nucleus, layer 2;0;0;pixels;0;0;0;pixels;0
589;Taenia tecta;0;0;pixels;0;0;0;pixels;0
597;Taenia tecta, dorsal part;0;0;pixels;0;0;0;pixels;0
297;Taenia tecta, dorsal part, layers 1-4;0;0;pixels;0;0;0;pixels;0
1034;Taenia tecta, dorsal part, layer 1;0;0;pixels;0;0;0;pixels;0
1042;Taenia tecta, dorsal part, layer 2;0;0;pixels;0;0;0;pixels;0
1050;Taenia tecta, dorsal part, layer 3;0;0;pixels;0;0;0;pixels;0
1059;Taenia tecta, dorsal part, layer 4;0;0;pixels;0;0;0;pixels;0
605;Taenia tecta, ventral part;0;0;pixels;0;0;0;pixels;0
306;Taenia tecta, ventral part, layers 1-3;0;0;pixels;0;0;0;pixels;0
1067;Taenia tecta, ventral part, layer 1;0;0;pixels;0;0;0;pixels;0
1075;Taenia tecta, ventral part, layer 2;0;0;pixels;0;0;0;pixels;0
1082;Taenia tecta, ventral part, layer 3;0;0;pixels;0;0;0;pixels;0
814;Dorsal peduncular area;0;0;pixels;0;0;0;pixels;0
496;Dorsal peduncular area, layer 1;0;0;pixels;0;0;0;pixels;0
535;Dorsal peduncular area, layer 2;0;0;pixels;0;0;0;pixels;0
360;Dorsal peduncular area, layer 2/3;0;0;pixels;0;0;0;pixels;0
646;Dorsal peduncular area, layer 5;0;0;pixels;0;0;0;pixels;0
267;Dorsal peduncular area, layer 6a;0;0;pixels;0;0;0;pixels;0
961;Piriform area;887298;887298.135437;pixels;106;4623;4623;pixels;0.005210;0.88000;687123.5712;0.00015426628403225997
152;Piriform area, layers 1-3;0;0;pixels;0;0;0;pixels;0
276;Piriform area, molecular layer;0;0;pixels;0;0;0;pixels;0
284;Piriform area, pyramidal layer;0;0;pixels;0;0;0;pixels;0
291;Piriform area, polymorph layer;0;0;pixels;0;0;0;pixels;0
619;Nucleus of the lateral olfactory tract;0;0;pixels;0;0;0;pixels;0
392;Nucleus of the lateral olfactory tract, layers 1-3;0;0;pixels;0;0;0;pixels;0
260;Nucleus of the lateral olfactory tract, molecular layer;0;0;pixels;0;0;0;pixels;0
268;Nucleus of the lateral olfactory tract, pyramidal layer;0;0;pixels;0;0;0;pixels;0
1139;Nucleus of the lateral olfactory tract, layer 3;0;0;pixels;0;0;0;pixels;0
631;Cortical amygdalar area;0;0;pixels;0;0;0;pixels;0
639;Cortical amygdalar area, anterior part;0;0;pixels;0;0;0;pixels;0
192;Cortical amygdalar area, anterior part, layer 1;0;0;pixels;0;0;0;pixels;0
200;Cortical amygdalar area, anterior part, layer 2;0;0;pixels;0;0;0;pixels;0
208;Cortical amygdalar area, anterior part, layer 3;0;0;pixels;0;0;0;pixels;0
647;Cortical amygdalar area, posterior part;0;0;pixels;0;0;0;pixels;0
655;Cortical amygdalar area, posterior part, lateral zone;655492;655492.242432;pixels;81;2435;2435;pixels;0.003715;0.88000;507613.0048;0.00015957037986431035
584;Cortical amygdalar area, posterior part, lateral zone, layers 1-2;0;0;pixels;0;0;0;pixels;0
376;Cortical amygdalar area, posterior part, lateral zone, layers 1-3;0;0;pixels;0;0;0;pixels;0
216;Cortical amygdalar area, posterior part, lateral zone, layer 1;0;0;pixels;0;0;0;pixels;0
224;Cortical amygdalar area, posterior part, lateral zone, layer 2;0;0;pixels;0;0;0;pixels;0
232;Cortical amygdalar area, posterior part, lateral zone, layer 3;0;0;pixels;0;0;0;pixels;0
663;Cortical amygdalar area, posterior part, medial zone;1037465;1037465.449158;pixels;172;5444;5444;pixels;0.005247;0.88000;803412.896;0.00021408668053045542
592;Cortical amygdalar area, posterior part, medial zone, layers 1-2;0;0;pixels;0;0;0;pixels;0
383;Cortical amygdalar area, posterior part, medial zone, layers 1-3;0;0;pixels;0;0;0;pixels;0
240;Cortical amygdalar area, posterior part, medial zone, layer 1;0;0;pixels;0;0;0;pixels;0
248;Cortical amygdalar area, posterior part, medial zone, layer 2;0;0;pixels;0;0;0;pixels;0
256;Cortical amygdalar area, posterior part, medial zone, layer 3;0;0;pixels;0;0;0;pixels;0
788;Piriform-amygdalar area;0;0;pixels;0;0;0;pixels;0
400;Piriform-amygdalar area, layers 1-3;0;0;pixels;0;0;0;pixels;0
408;Piriform-amygdalar area, molecular layer;0;0;pixels;0;0;0;pixels;0
416;Piriform-amygdalar area, pyramidal layer;0;0;pixels;0;0;0;pixels;0
424;Piriform-amygdalar area, polymorph layer;0;0;pixels;0;0;0;pixels;0
566;Postpiriform transition area;720446;720445.564636;pixels;74;2606;2606;pixels;0.003617;0.88000;557913.3824;0.00013263707653268867
517;Postpiriform transition area, layers 1-3;0;0;pixels;0;0;0;pixels;0
1140;Postpiriform transition area, layers 1;0;0;pixels;0;0;0;pixels;0
1141;Postpiriform transition area, layers 2;0;0;pixels;0;0;0;pixels;0
1142;Postpiriform transition area, layers 3;0;0;pixels;0;0;0;pixels;0
1089;Hippocampal formation;82830;82830.383362;pixels;24;735;735;pixels;0.008874;0.88000;64143.551999999996;0.00037416075742110447
1080;Hippocampal region;0;0;pixels;0;0;0;pixels;0
375;Ammon's horn;0;0;pixels;0;0;0;pixels;0
382;Field CA1;6023378;6023377.805908;pixels;932;35304;35304;pixels;0.005861;0.88000;4664503.9232;0.00019980688522191616
391;Field CA1, stratum lacunosum-moleculare;0;0;pixels;0;0;0;pixels;0
399;Field CA1, stratum oriens;0;0;pixels;0;0;0;pixels;0
407;Field CA1, pyramidal layer;0;0;pixels;0;0;0;pixels;0
415;Field CA1, stratum radiatum;0;0;pixels;0;0;0;pixels;0
423;Field CA2;373631;373630.578186;pixels;8;294;294;pixels;0.000787;0.88000;289339.84640000004;2.764914718638628e-05
431;Field CA2, stratum lacunosum-moleculare;0;0;pixels;0;0;0;pixels;0
438;Field CA2, stratum oriens;0;0;pixels;0;0;0;pixels;0
446;Field CA2, pyramidal layer;0;0;pixels;0;0;0;pixels;0
454;Field CA2, stratum radiatum;0;0;pixels;0;0;0;pixels;0
463;Field CA3;4525876;4525875.982971;pixels;404;16469;16469;pixels;0.003639;0.88000;3504838.3744;0.00011526922409629275
471;Field CA3, stratum lacunosum-moleculare;0;0;pixels;0;0;0;pixels;0
479;Field CA3, stratum lucidum;0;0;pixels;0;0;0;pixels;0
486;Field CA3, stratum oriens;0;0;pixels;0;0;0;pixels;0
495;Field CA3, pyramidal layer;0;0;pixels;0;0;0;pixels;0
504;Field CA3, stratum radiatum;0;0;pixels;0;0;0;pixels;0
726;Dentate gyrus;0;0;pixels;0;0;0;pixels;0
10703;Dentate gyrus, molecular layer;1489159;1489159.194397;pixels;52;2197;2197;pixels;0.001475;0.88000;1153204.7296;4.509173320684931e-05
10704;Dentate gyrus, polymorph layer;171620;171619.787109;pixels;22;990;990;pixels;0.005769;0.88000;132902.52800000002;0.000165534849720842
632;Dentate gyrus, granule cell layer;517839;517838.871521;pixels;39;1560;1560;pixels;0.003013;0.88000;401014.52160000004;9.725333597495337e-05
10702;Dentate gyrus, subgranular zone;0;0;pixels;0;0;0;pixels;0
734;Dentate gyrus crest;0;0;pixels;0;0;0;pixels;0
742;Dentate gyrus crest, molecular layer;0;0;pixels;0;0;0;pixels;0
751;Dentate gyrus crest, polymorph layer;0;0;pixels;0;0;0;pixels;0
758;Dentate gyrus crest, granule cell layer;0;0;pixels;0;0;0;pixels;0
766;Dentate gyrus lateral blade;0;0;pixels;0;0;0;pixels;0
775;Dentate gyrus lateral blade, molecular layer;0;0;pixels;0;0;0;pixels;0
782;Dentate gyrus lateral blade, polymorph layer;0;0;pixels;0;0;0;pixels;0
790;Dentate gyrus lateral blade, granule cell layer;0;0;pixels;0;0;0;pixels;0
799;Dentate gyrus medial blade;0;0;pixels;0;0;0;pixels;0
807;Dentate gyrus medial blade, molecular layer;0;0;pixels;0;0;0;pixels;0
815;Dentate gyrus medial blade, polymorph layer;0;0;pixels;0;0;0;pixels;0
823;Dentate gyrus medial blade, granule cell layer;0;0;pixels;0;0;0;pixels;0
982;Fasciola cinerea;0;0;pixels;0;0;0;pixels;0
19;Induseum griseum;0;0;pixels;0;0;0;pixels;0
822;Retrohippocampal region;0;0;pixels;0;0;0;pixels;0
909;Entorhinal area;0;0;pixels;0;0;0;pixels;0
918;Entorhinal area, lateral part;0;0;pixels;0;0;0;pixels;0
1121;Entorhinal area, lateral part, layer 1;202011;202010.791077;pixels;2;3;3;pixels;0.000015;0.88000;156437.3184;1.2784673250957491e-05
20;Entorhinal area, lateral part, layer 2;271135;271135.427551;pixels;22;863;863;pixels;0.003183;0.88000;209966.944;0.00010477839787962052
999;Entorhinal area, lateral part, layer 2/3;0;0;pixels;0;0;0;pixels;0
715;Entorhinal area, lateral part, layer 2a;0;0;pixels;0;0;0;pixels;0
764;Entorhinal area, lateral part, layer 2b;0;0;pixels;0;0;0;pixels;0
52;Entorhinal area, lateral part, layer 3;297951;297951.019287;pixels;72;3401;3401;pixels;0.011415;0.88000;230733.2544;0.00031204864763524956
92;Entorhinal area, lateral part, layer 4;0;0;pixels;0;0;0;pixels;0
312;Entorhinal area, lateral part, layer 4/5;0;0;pixels;0;0;0;pixels;0
139;Entorhinal area, lateral part, layer 5;349794;349794.496643;pixels;56;2058;2058;pixels;0.005883;0.88000;270880.4736;0.00020673324753076627
387;Entorhinal area, lateral part, layer 5/6;0;0;pixels;0;0;0;pixels;0
28;Entorhinal area, lateral part, layer 6a;241936;241936.227661;pixels;59;2393;2393;pixels;0.009891;0.88000;187355.2384;0.00031490979651199334
60;Entorhinal area, lateral part, layer 6b;0;0;pixels;0;0;0;pixels;0
926;Entorhinal area, medial part, dorsal zone;0;0;pixels;0;0;0;pixels;0
526;Entorhinal area, medial part, dorsal zone, layer 1;0;0;pixels;0;0;0;pixels;0
543;Entorhinal area, medial part, dorsal zone, layer 2;0;0;pixels;0;0;0;pixels;0
468;Entorhinal area, medial part, dorsal zone, layer 2a;0;0;pixels;0;0;0;pixels;0
508;Entorhinal area, medial part, dorsal zone, layer 2b;0;0;pixels;0;0;0;pixels;0
664;Entorhinal area, medial part, dorsal zone, layer 3;0;0;pixels;0;0;0;pixels;0
712;Entorhinal area, medial part, dorsal zone, layer 4;0;0;pixels;0;0;0;pixels;0
727;Entorhinal area, medial part, dorsal zone, layer 5;0;0;pixels;0;0;0;pixels;0
550;Entorhinal area, medial part, dorsal zone, layer 5/6;0;0;pixels;0;0;0;pixels;0
743;Entorhinal area, medial part, dorsal zone, layer 6;0;0;pixels;0;0;0;pixels;0
934;Entorhinal area, medial part, ventral zone;0;0;pixels;0;0;0;pixels;0
259;Entorhinal area, medial part, ventral zone, layer 1;0;0;pixels;0;0;0;pixels;0
324;Entorhinal area, medial part, ventral zone, layer 2;0;0;pixels;0;0;0;pixels;0
371;Entorhinal area, medial part, ventral zone, layer 3;0;0;pixels;0;0;0;pixels;0
419;Entorhinal area, medial part, ventral zone, layer 4;0;0;pixels;0;0;0;pixels;0
1133;Entorhinal area, medial part, ventral zone, layer 5/6;0;0;pixels;0;0;0;pixels;0
843;Parasubiculum;0;0;pixels;0;0;0;pixels;0
10693;Parasubiculum, layer 1;0;0;pixels;0;0;0;pixels;0
10694;Parasubiculum, layer 2;0;0;pixels;0;0;0;pixels;0
10695;Parasubiculum, layer 3;0;0;pixels;0;0;0;pixels;0
1037;Postsubiculum;36946;36945.926392;pixels;13;273;273;pixels;0.007389;0.88000;28610.9824;0.00045437097609063573
10696;Postsubiculum, layer 1;0;0;pixels;0;0;0;pixels;0
10697;Postsubiculum, layer 2;0;0;pixels;0;0;0;pixels;0
10698;Postsubiculum, layer 3;0;0;pixels;0;0;0;pixels;0
1084;Presubiculum;0;0;pixels;0;0;0;pixels;0
10699;Presubiculum, layer 1;0;0;pixels;0;0;0;pixels;0
10700;Presubiculum, layer 2;0;0;pixels;0;0;0;pixels;0
10701;Presubiculum, layer 3;0;0;pixels;0;0;0;pixels;0
502;Subiculum;546442;546442.169373;pixels;70;1728;1728;pixels;0.003162;0.88000;423164.68480000005;0.00016542023121112774
509;Subiculum, dorsal part;0;0;pixels;0;0;0;pixels;0
829;Subiculum, dorsal part, molecular layer;0;0;pixels;0;0;0;pixels;0
845;Subiculum, dorsal part, pyramidal layer;0;0;pixels;0;0;0;pixels;0
837;Subiculum, dorsal part, stratum radiatum;0;0;pixels;0;0;0;pixels;0
518;Subiculum, ventral part;0;0;pixels;0;0;0;pixels;0
853;Subiculum, ventral part, molecular layer;0;0;pixels;0;0;0;pixels;0
870;Subiculum, ventral part, pyramidal layer;0;0;pixels;0;0;0;pixels;0
861;Subiculum, ventral part, stratum radiatum;0;0;pixels;0;0;0;pixels;0
484682470;Prosubiculum;251471;251470.660278;pixels;23;722;722;pixels;0.002871;0.88000;194739.1424;0.00011810671299330934
484682475;Prosubiculum, dorsal part;0;0;pixels;0;0;0;pixels;0
484682479;Prosubiculum, dorsal part, molecular layer;0;0;pixels;0;0;0;pixels;0
484682483;Prosubiculum, dorsal part, pyramidal layer;0;0;pixels;0;0;0;pixels;0
484682487;Prosubiculum, dorsal part, stratum radiatum;0;0;pixels;0;0;0;pixels;0
484682492;Prosubiculum, ventral part;0;0;pixels;0;0;0;pixels;0
484682496;Prosubiculum, ventral part, molecular layer;0;0;pixels;0;0;0;pixels;0
484682500;Prosubiculum, ventral part, pyramidal layer;0;0;pixels;0;0;0;pixels;0
484682504;Prosubiculum, ventral part, stratum radiatum;0;0;pixels;0;0;0;pixels;0
589508447;Hippocampo-amygdalar transition area;190093;190092.750305;pixels;75;1929;1929;pixels;0.010148;0.88000;147208.0192;0.0005094831138112346
484682508;Area prostriata;0;0;pixels;0;0;0;pixels;0
703;Cortical subplate;63166;63165.616089;pixels;13;476;476;pixels;0.007536;0.88000;48915.750400000004;0.00026576307004788375
16;Layer 6b, isocortex;0;0;pixels;0;0;0;pixels;0
583;Claustrum;0;0;pixels;0;0;0;pixels;0
942;Endopiriform nucleus;0;0;pixels;0;0;0;pixels;0
952;Endopiriform nucleus, dorsal part;197244;197243.574768;pixels;47;1985;1985;pixels;0.010064;0.88000;152745.7536;0.00030770086167554184
966;Endopiriform nucleus, ventral part;148976;148975.509644;pixels;13;559;559;pixels;0.003752;0.88000;115367.0144;0.00011268385567235413
131;Lateral amygdalar nucleus;0;0;pixels;0;0;0;pixels;0
295;Basolateral amygdalar nucleus;0;0;pixels;0;0;0;pixels;0
303;Basolateral amygdalar nucleus, anterior part;0;0;pixels;0;0;0;pixels;0
311;Basolateral amygdalar nucleus, posterior part;333109;333109.239563;pixels;64;2579;2579;pixels;0.007742;0.88000;257959.6096;0.00024810085617372557
451;Basolateral amygdalar nucleus, ventral part;0;0;pixels;0;0;0;pixels;0
319;Basomedial amygdalar nucleus;0;0;pixels;0;0;0;pixels;0
327;Basomedial amygdalar nucleus, anterior part;0;0;pixels;0;0;0;pixels;0
334;Basomedial amygdalar nucleus, posterior part;159106;159105.844299;pixels;55;2229;2229;pixels;0.014010;0.88000;123211.6864;0.00044638622850632454
780;Posterior amygdalar nucleus;657280;657279.948547;pixels;221;7013;7013;pixels;0.010670;0.88000;508997.63200000004;0.0004341866957840778
623;Cerebral nuclei;0;0;pixels;0;0;0;pixels;0
477;Striatum;0;0;pixels;0;0;0;pixels;0
485;Striatum dorsal region;0;0;pixels;0;0;0;pixels;0
672;Caudoputamen;0;0;pixels;0;0;0;pixels;0
493;Striatum ventral region;0;0;pixels;0;0;0;pixels;0
56;Nucleus accumbens;0;0;pixels;0;0;0;pixels;0
998;Fundus of striatum;0;0;pixels;0;0;0;pixels;0
754;Olfactory tubercle;0;0;pixels;0;0;0;pixels;0
481;Islands of Calleja;0;0;pixels;0;0;0;pixels;0
489;Major island of Calleja;0;0;pixels;0;0;0;pixels;0
144;Olfactory tubercle, layers 1-3;0;0;pixels;0;0;0;pixels;0
458;Olfactory tubercle, molecular layer;0;0;pixels;0;0;0;pixels;0
465;Olfactory tubercle, pyramidal layer;0;0;pixels;0;0;0;pixels;0
473;Olfactory tubercle, polymorph layer;0;0;pixels;0;0;0;pixels;0
549009199;Lateral strip of striatum;0;0;pixels;0;0;0;pixels;0
275;Lateral septal complex;0;0;pixels;0;0;0;pixels;0
242;Lateral septal nucleus;0;0;pixels;0;0;0;pixels;0
250;Lateral septal nucleus, caudal (caudodorsal) part;0;0;pixels;0;0;0;pixels;0
258;Lateral septal nucleus, rostral (rostroventral) part;0;0;pixels;0;0;0;pixels;0
266;Lateral septal nucleus, ventral part;0;0;pixels;0;0;0;pixels;0
310;Septofimbrial nucleus;0;0;pixels;0;0;0;pixels;0
333;Septohippocampal nucleus;0;0;pixels;0;0;0;pixels;0
278;Striatum-like amygdalar nuclei;0;0;pixels;0;0;0;pixels;0
23;Anterior amygdalar area;0;0;pixels;0;0;0;pixels;0
292;Bed nucleus of the accessory olfactory tract;0;0;pixels;0;0;0;pixels;0
536;Central amygdalar nucleus;0;0;pixels;0;0;0;pixels;0
544;Central amygdalar nucleus, capsular part;0;0;pixels;0;0;0;pixels;0
551;Central amygdalar nucleus, lateral part;0;0;pixels;0;0;0;pixels;0
559;Central amygdalar nucleus, medial part;0;0;pixels;0;0;0;pixels;0
1105;Intercalated amygdalar nucleus;0;0;pixels;0;0;0;pixels;0
403;Medial amygdalar nucleus;0;0;pixels;0;0;0;pixels;0
411;Medial amygdalar nucleus, anterodorsal part;0;0;pixels;0;0;0;pixels;0
418;Medial amygdalar nucleus, anteroventral part;0;0;pixels;0;0;0;pixels;0
426;Medial amygdalar nucleus, posterodorsal part;0;0;pixels;0;0;0;pixels;0
472;Medial amygdalar nucleus, posterodorsal part, sublayer a;0;0;pixels;0;0;0;pixels;0
480;Medial amygdalar nucleus, posterodorsal part, sublayer b;0;0;pixels;0;0;0;pixels;0
487;Medial amygdalar nucleus, posterodorsal part, sublayer c;0;0;pixels;0;0;0;pixels;0
435;Medial amygdalar nucleus, posteroventral part;0;0;pixels;0;0;0;pixels;0
803;Pallidum;0;0;pixels;0;0;0;pixels;0
818;Pallidum, dorsal region;0;0;pixels;0;0;0;pixels;0
1022;Globus pallidus, external segment;0;0;pixels;0;0;0;pixels;0
1031;Globus pallidus, internal segment;0;0;pixels;0;0;0;pixels;0
835;Pallidum, ventral region;0;0;pixels;0;0;0;pixels;0
342;Substantia innominata;0;0;pixels;0;0;0;pixels;0
298;Magnocellular nucleus;0;0;pixels;0;0;0;pixels;0
826;Pallidum, medial region;0;0;pixels;0;0;0;pixels;0
904;Medial septal complex;0;0;pixels;0;0;0;pixels;0
564;Medial septal nucleus;0;0;pixels;0;0;0;pixels;0
596;Diagonal band nucleus;0;0;pixels;0;0;0;pixels;0
581;Triangular nucleus of septum;0;0;pixels;0;0;0;pixels;0
809;Pallidum, caudal region;0;0;pixels;0;0;0;pixels;0
351;Bed nuclei of the stria terminalis;0;0;pixels;0;0;0;pixels;0
359;Bed nuclei of the stria terminalis, anterior division;0;0;pixels;0;0;0;pixels;0
537;Bed nuclei of the stria terminalis, anterior division, anterolateral area;0;0;pixels;0;0;0;pixels;0
498;Bed nuclei of the stria terminalis, anterior division, anteromedial area;0;0;pixels;0;0;0;pixels;0
505;Bed nuclei of the stria terminalis, anterior division, dorsomedial nucleus;0;0;pixels;0;0;0;pixels;0
513;Bed nuclei of the stria terminalis, anterior division, fusiform nucleus;0;0;pixels;0;0;0;pixels;0
546;Bed nuclei of the stria terminalis, anterior division, juxtacapsular nucleus;0;0;pixels;0;0;0;pixels;0
521;Bed nuclei of the stria terminalis, anterior division, magnocellular nucleus;0;0;pixels;0;0;0;pixels;0
554;Bed nuclei of the stria terminalis, anterior division, oval nucleus;0;0;pixels;0;0;0;pixels;0
562;Bed nuclei of the stria terminalis, anterior division, rhomboid nucleus;0;0;pixels;0;0;0;pixels;0
529;Bed nuclei of the stria terminalis, anterior division, ventral nucleus;0;0;pixels;0;0;0;pixels;0
367;Bed nuclei of the stria terminalis, posterior division;0;0;pixels;0;0;0;pixels;0
569;Bed nuclei of the stria terminalis, posterior division, dorsal nucleus;0;0;pixels;0;0;0;pixels;0
578;Bed nuclei of the stria terminalis, posterior division, principal nucleus;0;0;pixels;0;0;0;pixels;0
585;Bed nuclei of the stria terminalis, posterior division, interfascicular nucleus;0;0;pixels;0;0;0;pixels;0
594;Bed nuclei of the stria terminalis, posterior division, transverse nucleus;0;0;pixels;0;0;0;pixels;0
602;Bed nuclei of the stria terminalis, posterior division, strial extension;0;0;pixels;0;0;0;pixels;0
287;Bed nucleus of the anterior commissure;0;0;pixels;0;0;0;pixels;0
343;Brain stem;0;0;pixels;0;0;0;pixels;0
1129;Interbrain;0;0;pixels;0;0;0;pixels;0
549;Thalamus;226443;226442.774658;pixels;62;2655;2655;pixels;0.011725;0.88000;175357.4592;0.00035356351696044645
864;Thalamus, sensory-motor cortex related;0;0;pixels;0;0;0;pixels;0
637;Ventral group of the dorsal thalamus;0;0;pixels;0;0;0;pixels;0
629;Ventral anterior-lateral complex of the thalamus;0;0;pixels;0;0;0;pixels;0
685;Ventral medial nucleus of the thalamus;0;0;pixels;0;0;0;pixels;0
709;Ventral posterior complex of the thalamus;0;0;pixels;0;0;0;pixels;0
718;Ventral posterolateral nucleus of the thalamus;0;0;pixels;0;0;0;pixels;0
725;Ventral posterolateral nucleus of the thalamus, parvicellular part;0;0;pixels;0;0;0;pixels;0
733;Ventral posteromedial nucleus of the thalamus;0;0;pixels;0;0;0;pixels;0
741;Ventral posteromedial nucleus of the thalamus, parvicellular part;0;0;pixels;0;0;0;pixels;0
563807435;Posterior triangular thalamic nucleus;223463;223463.264465;pixels;27;1050;1050;pixels;0.004699;0.88000;173049.7472;0.0001560244983703738
406;Subparafascicular nucleus;0;0;pixels;0;0;0;pixels;0
414;Subparafascicular nucleus, magnocellular part;0;0;pixels;0;0;0;pixels;0
422;Subparafascicular nucleus, parvicellular part;97728;97727.934326;pixels;33;1196;1196;pixels;0.012238;0.88000;75680.5632;0.00043604326665475974
609;Subparafascicular area;0;0;pixels;0;0;0;pixels;0
1044;Peripeduncular nucleus;19665;19664.767273;pixels;6;342;342;pixels;0.017392;0.88000;15228.576000000001;0.0003939961293820249
1008;Geniculate group, dorsal thalamus;0;0;pixels;0;0;0;pixels;0
475;Medial geniculate complex;0;0;pixels;0;0;0;pixels;0
1072;Medial geniculate complex, dorsal part;141825;141824.685181;pixels;3;56;56;pixels;0.000395;0.88000;109829.28;2.7315120339494166e-05
1079;Medial geniculate complex, ventral part;318808;318807.590637;pixels;30;1074;1074;pixels;0.003369;0.88000;246884.9152;0.00012151410699068908
1088;Medial geniculate complex, medial part;210353;210353.419617;pixels;17;585;585;pixels;0.002781;0.88000;162897.36320000002;0.00010436019138706352
170;Dorsal part of the lateral geniculate complex;0;0;pixels;0;0;0;pixels;0
496345664;Dorsal part of the lateral geniculate complex, shell;23240;23240.179504;pixels;0;0;0;pixels;0;0.88000;17997.056;0.0
496345668;Dorsal part of the lateral geniculate complex, core;596;595.902039;pixels;0;0;0;pixels;0;0.88000;461.54240000000004;0.0
496345672;Dorsal part of the lateral geniculate complex, ipsilateral zone;0;0;pixels;0;0;0;pixels;0
856;Thalamus, polymodal association cortex related;0;0;pixels;0;0;0;pixels;0
138;Lateral group of the dorsal thalamus;0;0;pixels;0;0;0;pixels;0
218;Lateral posterior nucleus of the thalamus;213333;213332.929810;pixels;17;471;471;pixels;0.002208;0.88000;165205.07520000002;0.00010290240768583844
1020;Posterior complex of the thalamus;0;0;pixels;0;0;0;pixels;0
1029;Posterior limiting nucleus of the thalamus;229422;229422.284851;pixels;28;1338;1338;pixels;0.005832;0.88000;177664.39680000002;0.0001576005125636967
325;Suprageniculate nucleus;146592;146591.901489;pixels;3;103;103;pixels;0.000703;0.88000;113520.8448;2.6426864645743015e-05
560581551;Ethmoid nucleus of the thalamus;0;0;pixels;0;0;0;pixels;0
560581555;Retroethmoid nucleus;0;0;pixels;0;0;0;pixels;0
239;Anterior group of the dorsal thalamus;0;0;pixels;0;0;0;pixels;0
255;Anteroventral nucleus of thalamus;0;0;pixels;0;0;0;pixels;0
127;Anteromedial nucleus;0;0;pixels;0;0;0;pixels;0
1096;Anteromedial nucleus, dorsal part;0;0;pixels;0;0;0;pixels;0
1104;Anteromedial nucleus, ventral part;0;0;pixels;0;0;0;pixels;0
64;Anterodorsal nucleus;0;0;pixels;0;0;0;pixels;0
1120;Interanteromedial nucleus of the thalamus;0;0;pixels;0;0;0;pixels;0
1113;Interanterodorsal nucleus of the thalamus;0;0;pixels;0;0;0;pixels;0
155;Lateral dorsal nucleus of thalamus;0;0;pixels;0;0;0;pixels;0
444;Medial group of the dorsal thalamus;0;0;pixels;0;0;0;pixels;0
59;Intermediodorsal nucleus of the thalamus;0;0;pixels;0;0;0;pixels;0
362;Mediodorsal nucleus of thalamus;0;0;pixels;0;0;0;pixels;0
617;Mediodorsal nucleus of the thalamus, central part;0;0;pixels;0;0;0;pixels;0
626;Mediodorsal nucleus of the thalamus, lateral part;0;0;pixels;0;0;0;pixels;0
636;Mediodorsal nucleus of the thalamus, medial part;0;0;pixels;0;0;0;pixels;0
366;Submedial nucleus of the thalamus;0;0;pixels;0;0;0;pixels;0
1077;Perireunensis nucleus;0;0;pixels;0;0;0;pixels;0
571;Midline group of the dorsal thalamus;0;0;pixels;0;0;0;pixels;0
149;Paraventricular nucleus of the thalamus;0;0;pixels;0;0;0;pixels;0
15;Parataenial nucleus;0;0;pixels;0;0;0;pixels;0
181;Nucleus of reuniens;0;0;pixels;0;0;0;pixels;0
560581559;Xiphoid thalamic nucleus;0;0;pixels;0;0;0;pixels;0
51;Intralaminar nuclei of the dorsal thalamus;0;0;pixels;0;0;0;pixels;0
189;Rhomboid nucleus;0;0;pixels;0;0;0;pixels;0
599;Central medial nucleus of the thalamus;0;0;pixels;0;0;0;pixels;0
907;Paracentral nucleus;0;0;pixels;0;0;0;pixels;0
575;Central lateral nucleus of the thalamus;0;0;pixels;0;0;0;pixels;0
930;Parafascicular nucleus;0;0;pixels;0;0;0;pixels;0
560581563;Posterior intralaminar thalamic nucleus;100707;100707.444519;pixels;19;829;829;pixels;0.008232;0.88000;77987.50080000001;0.00024362878416537228
262;Reticular nucleus of the thalamus;0;0;pixels;0;0;0;pixels;0
1014;Geniculate group, ventral thalamus;0;0;pixels;0;0;0;pixels;0
27;Intergeniculate leaflet of the lateral geniculate complex;0;0;pixels;0;0;0;pixels;0
563807439;Intermediate geniculate nucleus;0;0;pixels;0;0;0;pixels;0
178;Ventral part of the lateral geniculate complex;92365;92364.815979;pixels;31;1092;1092;pixels;0.011823;0.88000;71527.45599999999;0.0004334000079633757
300;Ventral part of the lateral geniculate complex, lateral zone;0;0;pixels;0;0;0;pixels;0
316;Ventral part of the lateral geniculate complex, medial zone;0;0;pixels;0;0;0;pixels;0
321;Subgeniculate nucleus;0;0;pixels;0;0;0;pixels;0
958;Epithalamus;0;0;pixels;0;0;0;pixels;0
483;Medial habenula;0;0;pixels;0;0;0;pixels;0
186;Lateral habenula;0;0;pixels;0;0;0;pixels;0
953;Pineal body;0;0;pixels;0;0;0;pixels;0
1097;Hypothalamus;10726;10726.236694;pixels;5;258;258;pixels;0.024053;0.88000;8306.214399999999;0.0006019589381174655
157;Periventricular zone;0;0;pixels;0;0;0;pixels;0
390;Supraoptic nucleus;0;0;pixels;0;0;0;pixels;0
332;Accessory supraoptic group;0;0;pixels;0;0;0;pixels;0
432;Nucleus circularis;0;0;pixels;0;0;0;pixels;0
38;Paraventricular hypothalamic nucleus;0;0;pixels;0;0;0;pixels;0
71;Paraventricular hypothalamic nucleus, magnocellular division;0;0;pixels;0;0;0;pixels;0
47;Paraventricular hypothalamic nucleus, magnocellular division, anterior magnocellular part;0;0;pixels;0;0;0;pixels;0
79;Paraventricular hypothalamic nucleus, magnocellular division, medial magnocellular part;0;0;pixels;0;0;0;pixels;0
103;Paraventricular hypothalamic nucleus, magnocellular division, posterior magnocellular part;0;0;pixels;0;0;0;pixels;0
652;Paraventricular hypothalamic nucleus, magnocellular division, posterior magnocellular part, lateral zone;0;0;pixels;0;0;0;pixels;0
660;Paraventricular hypothalamic nucleus, magnocellular division, posterior magnocellular part, medial zone;0;0;pixels;0;0;0;pixels;0
94;Paraventricular hypothalamic nucleus, parvicellular division;0;0;pixels;0;0;0;pixels;0
55;Paraventricular hypothalamic nucleus, parvicellular division, anterior parvicellular part;0;0;pixels;0;0;0;pixels;0
87;Paraventricular hypothalamic nucleus, parvicellular division, medial parvicellular part, dorsal zone;0;0;pixels;0;0;0;pixels;0
110;Paraventricular hypothalamic nucleus, parvicellular division, periventricular part;0;0;pixels;0;0;0;pixels;0
30;Periventricular hypothalamic nucleus, anterior part;0;0;pixels;0;0;0;pixels;0
118;Periventricular hypothalamic nucleus, intermediate part;0;0;pixels;0;0;0;pixels;0
223;Arcuate hypothalamic nucleus;0;0;pixels;0;0;0;pixels;0
141;Periventricular region;0;0;pixels;0;0;0;pixels;0
72;Anterodorsal preoptic nucleus;0;0;pixels;0;0;0;pixels;0
80;Anterior hypothalamic area;0;0;pixels;0;0;0;pixels;0
263;Anteroventral preoptic nucleus;0;0;pixels;0;0;0;pixels;0
272;Anteroventral periventricular nucleus;0;0;pixels;0;0;0;pixels;0
830;Dorsomedial nucleus of the hypothalamus;0;0;pixels;0;0;0;pixels;0
668;Dorsomedial nucleus of the hypothalamus, anterior part;0;0;pixels;0;0;0;pixels;0
676;Dorsomedial nucleus of the hypothalamus, posterior part;0;0;pixels;0;0;0;pixels;0
684;Dorsomedial nucleus of the hypothalamus, ventral part;0;0;pixels;0;0;0;pixels;0
452;Median preoptic nucleus;0;0;pixels;0;0;0;pixels;0
523;Medial preoptic area;0;0;pixels;0;0;0;pixels;0
763;Vascular organ of the lamina terminalis;0;0;pixels;0;0;0;pixels;0
914;Posterodorsal preoptic nucleus;0;0;pixels;0;0;0;pixels;0
1109;Parastrial nucleus;0;0;pixels;0;0;0;pixels;0
1124;Suprachiasmatic preoptic nucleus;0;0;pixels;0;0;0;pixels;0
126;Periventricular hypothalamic nucleus, posterior part;0;0;pixels;0;0;0;pixels;0
133;Periventricular hypothalamic nucleus, preoptic part;0;0;pixels;0;0;0;pixels;0
347;Subparaventricular zone;0;0;pixels;0;0;0;pixels;0
286;Suprachiasmatic nucleus;0;0;pixels;0;0;0;pixels;0
338;Subfornical organ;0;0;pixels;0;0;0;pixels;0
576073699;Ventromedial preoptic nucleus;0;0;pixels;0;0;0;pixels;0
689;Ventrolateral preoptic nucleus;0;0;pixels;0;0;0;pixels;0
467;Hypothalamic medial zone;0;0;pixels;0;0;0;pixels;0
88;Anterior hypothalamic nucleus;0;0;pixels;0;0;0;pixels;0
700;Anterior hypothalamic nucleus, anterior part;0;0;pixels;0;0;0;pixels;0
708;Anterior hypothalamic nucleus, central part;0;0;pixels;0;0;0;pixels;0
716;Anterior hypothalamic nucleus, dorsal part;0;0;pixels;0;0;0;pixels;0
724;Anterior hypothalamic nucleus, posterior part;0;0;pixels;0;0;0;pixels;0
331;Mammillary body;0;0;pixels;0;0;0;pixels;0
210;Lateral mammillary nucleus;115009;115009.093445;pixels;2;11;11;pixels;0.000096;0.88000;89062.9696;2.245602194697088e-05
491;Medial mammillary nucleus;0;0;pixels;0;0;0;pixels;0
732;Medial mammillary nucleus, median part;127523;127523.036255;pixels;24;821;821;pixels;0.006438;0.88000;98753.81120000001;0.00024302859513334913
606826647;Medial mammillary nucleus, lateral part;373035;373034.676147;pixels;62;1068;1068;pixels;0.002863;0.88000;288878.304;0.0002146232484112064
606826651;Medial mammillary nucleus, medial part;231806;231805.893005;pixels;22;531;531;pixels;0.002291;0.88000;179510.5664;0.000122555459777102
606826655;Medial mammillary nucleus, posterior part;0;0;pixels;0;0;0;pixels;0
606826659;Medial mammillary nucleus, dorsal part;138845;138845.174988;pixels;11;250;250;pixels;0.001801;0.88000;107521.568;0.0001023050556703191
525;Supramammillary nucleus;337281;337280.553833;pixels;162;6616;6616;pixels;0.019616;0.88000;261190.40640000004;0.0006202371757556253
1110;Supramammillary nucleus, lateral part;0;0;pixels;0;0;0;pixels;0
1118;Supramammillary nucleus, medial part;0;0;pixels;0;0;0;pixels;0
557;Tuberomammillary nucleus;0;0;pixels;0;0;0;pixels;0
1126;Tuberomammillary nucleus, dorsal part;0;0;pixels;0;0;0;pixels;0
1;Tuberomammillary nucleus, ventral part;0;0;pixels;0;0;0;pixels;0
515;Medial preoptic nucleus;0;0;pixels;0;0;0;pixels;0
740;Medial preoptic nucleus, central part;0;0;pixels;0;0;0;pixels;0
748;Medial preoptic nucleus, lateral part;0;0;pixels;0;0;0;pixels;0
756;Medial preoptic nucleus, medial part;0;0;pixels;0;0;0;pixels;0
980;Dorsal premammillary nucleus;0;0;pixels;0;0;0;pixels;0
1004;Ventral premammillary nucleus;0;0;pixels;0;0;0;pixels;0
63;Paraventricular hypothalamic nucleus, descending division;0;0;pixels;0;0;0;pixels;0
439;Paraventricular hypothalamic nucleus, descending division, dorsal parvicellular part;0;0;pixels;0;0;0;pixels;0
447;Paraventricular hypothalamic nucleus, descending division, forniceal part;0;0;pixels;0;0;0;pixels;0
455;Paraventricular hypothalamic nucleus, descending division, lateral parvicellular part;0;0;pixels;0;0;0;pixels;0
464;Paraventricular hypothalamic nucleus, descending division, medial parvicellular part, ventral zone;0;0;pixels;0;0;0;pixels;0
693;Ventromedial hypothalamic nucleus;0;0;pixels;0;0;0;pixels;0
761;Ventromedial hypothalamic nucleus, anterior part;0;0;pixels;0;0;0;pixels;0
769;Ventromedial hypothalamic nucleus, central part;0;0;pixels;0;0;0;pixels;0
777;Ventromedial hypothalamic nucleus, dorsomedial part;0;0;pixels;0;0;0;pixels;0
785;Ventromedial hypothalamic nucleus, ventrolateral part;0;0;pixels;0;0;0;pixels;0
946;Posterior hypothalamic nucleus;0;0;pixels;0;0;0;pixels;0
290;Hypothalamic lateral zone;0;0;pixels;0;0;0;pixels;0
194;Lateral hypothalamic area;0;0;pixels;0;0;0;pixels;0
226;Lateral preoptic area;0;0;pixels;0;0;0;pixels;0
356;Preparasubthalamic nucleus;0;0;pixels;0;0;0;pixels;0
364;Parasubthalamic nucleus;0;0;pixels;0;0;0;pixels;0
576073704;Perifornical nucleus;0;0;pixels;0;0;0;pixels;0
173;Retrochiasmatic area;0;0;pixels;0;0;0;pixels;0
470;Subthalamic nucleus;0;0;pixels;0;0;0;pixels;0
614;Tuberal nucleus;0;0;pixels;0;0;0;pixels;0
797;Zona incerta;135270;135269.762756;pixels;79;2880;2880;pixels;0.021291;0.88000;104753.088;0.0007541543787234225
796;Dopaminergic A13 group;0;0;pixels;0;0;0;pixels;0
804;Fields of Forel;0;0;pixels;0;0;0;pixels;0
10671;Median eminence;0;0;pixels;0;0;0;pixels;0
313;Midbrain;3202973;3202973.457336;pixels;1206;51279;51279;pixels;0.016010;0.88000;2480382.2912000003;0.00048621537263779667
339;Midbrain, sensory related;0;0;pixels;0;0;0;pixels;0
302;Superior colliculus, sensory related;0;0;pixels;0;0;0;pixels;0
851;Superior colliculus, optic layer;240149;240148.521545;pixels;99;3156;3156;pixels;0.013142;0.88000;185971.3856;0.0005323399601535259
842;Superior colliculus, superficial gray layer;102495;102495.150635;pixels;31;811;811;pixels;0.007913;0.88000;79372.12800000001;0.0003905653128009872
834;Superior colliculus, zonal layer;148976;148975.509644;pixels;23;403;403;pixels;0.002705;0.88000;115367.0144;0.00019936374465108806
4;Inferior colliculus;0;0;pixels;0;0;0;pixels;0
811;Inferior colliculus, central nucleus;0;0;pixels;0;0;0;pixels;0
820;Inferior colliculus, dorsal nucleus;0;0;pixels;0;0;0;pixels;0
828;Inferior colliculus, external nucleus;0;0;pixels;0;0;0;pixels;0
580;Nucleus of the brachium of the inferior colliculus;0;0;pixels;0;0;0;pixels;0
271;Nucleus sagulum;0;0;pixels;0;0;0;pixels;0
874;Parabigeminal nucleus;0;0;pixels;0;0;0;pixels;0
460;Midbrain trigeminal nucleus;0;0;pixels;0;0;0;pixels;0
599626923;Subcommissural organ;6555;6554.922424;pixels;2;92;92;pixels;0.014035;0.88000;5076.192;0.0003939961293820249
323;Midbrain, motor related;0;0;pixels;0;0;0;pixels;0
381;Substantia nigra, reticular part;1073815;1073815.473511;pixels;58;2104;2104;pixels;0.001959;0.88000;831562.336;6.97482287124654e-05
749;Ventral tegmental area;836051;836050.560120;pixels;246;10681;10681;pixels;0.012776;0.88000;647437.8944;0.00037995922408584924
607344830;Paranigral nucleus;0;0;pixels;0;0;0;pixels;0
246;Midbrain reticular nucleus, retrorubral area;0;0;pixels;0;0;0;pixels;0
128;Midbrain reticular nucleus;2095192;2095191.567627;pixels;592;24623;24623;pixels;0.011752;0.88000;1622516.6848;0.00036486527722392765
539;Midbrain reticular nucleus, magnocellular part;0;0;pixels;0;0;0;pixels;0
548;Midbrain reticular nucleus, magnocellular part, general;0;0;pixels;0;0;0;pixels;0
555;Midbrain reticular nucleus, parvicellular part;0;0;pixels;0;0;0;pixels;0
294;Superior colliculus, motor related;0;0;pixels;0;0;0;pixels;0
26;Superior colliculus, motor related, deep gray layer;0;0;pixels;0;0;0;pixels;0
42;Superior colliculus, motor related, deep white layer;5959;5959.020386;pixels;5;220;220;pixels;0.036919;0.88000;4614.6496;0.0010835058852572469
17;Superior colliculus, motor related, intermediate white layer;246108;246107.541931;pixels;123;5781;5781;pixels;0.023490;0.88000;190586.0352;0.0006453778204207062
10;Superior colliculus, motor related, intermediate gray layer;520818;520818.381714;pixels;151;5945;5945;pixels;0.011415;0.88000;403321.45920000004;0.0003743911873658122
494;Superior colliculus, motor related, intermediate gray layer, sublayer a;0;0;pixels;0;0;0;pixels;0
503;Superior colliculus, motor related, intermediate gray layer, sublayer b;0;0;pixels;0;0;0;pixels;0
511;Superior colliculus, motor related, intermediate gray layer, sublayer c;0;0;pixels;0;0;0;pixels;0
795;Periaqueductal gray;484468;484468.357361;pixels;174;7904;7904;pixels;0.016315;0.88000;375172.01920000004;0.0004637872525009455
50;Precommissural nucleus;0;0;pixels;0;0;0;pixels;0
67;Interstitial nucleus of Cajal;83426;83426.285400;pixels;47;1973;1973;pixels;0.023650;0.88000;64605.0944;0.0007274968086727229
587;Nucleus of Darkschewitsch;126331;126331.232178;pixels;66;3168;3168;pixels;0.025077;0.88000;97830.7264;0.0006746346718325092
614454277;Supraoculomotor periaqueductal gray;0;0;pixels;0;0;0;pixels;0
1100;Pretectal region;0;0;pixels;0;0;0;pixels;0
215;Anterior pretectal nucleus;1418247;1418246.851807;pixels;214;7865;7865;pixels;0.005546;0.88000;1098290.4768;0.00019484827058094363
531;Medial pretectal area;0;0;pixels;0;0;0;pixels;0
628;Nucleus of the optic tract;359329;359328.929260;pixels;47;1432;1432;pixels;0.003985;0.88000;278264.3776;0.00016890412062575127
634;Nucleus of the posterior commissure;221676;221675.558350;pixels;110;4711;4711;pixels;0.021252;0.88000;171665.89440000002;0.0006407795816662811
706;Olivary pretectal nucleus;0;0;pixels;0;0;0;pixels;0
1061;Posterior pretectal nucleus;362308;362308.439453;pixels;75;2393;2393;pixels;0.006605;0.88000;280571.3152;0.00026731171697483633
549009203;Retroparafascicular nucleus;0;0;pixels;0;0;0;pixels;0
549009207;Intercollicular nucleus;0;0;pixels;0;0;0;pixels;0
616;Cuneiform nucleus;0;0;pixels;0;0;0;pixels;0
214;Red nucleus;0;0;pixels;0;0;0;pixels;0
35;Oculomotor nucleus;0;0;pixels;0;0;0;pixels;0
549009211;Medial accesory oculomotor nucleus;42309;42309.044739;pixels;8;323;323;pixels;0.007634;0.88000;32764.0896;0.0002441697632276039
975;Edinger-Westphal nucleus;3575;3575.412231;pixels;3;202;202;pixels;0.056497;0.88000;2768.48;0.0010836271166849679
115;Trochlear nucleus;0;0;pixels;0;0;0;pixels;0
606826663;Paratrochlear nucleus;0;0;pixels;0;0;0;pixels;0
757;Ventral tegmental nucleus;0;0;pixels;0;0;0;pixels;0
231;Anterior tegmental nucleus;0;0;pixels;0;0;0;pixels;0
66;Lateral terminal nucleus of the accessory optic tract;48268;48268.065125;pixels;6;232;232;pixels;0.004806;0.88000;37378.7392;0.00016051905784986989
75;Dorsal terminal nucleus of the accessory optic tract;0;0;pixels;0;0;0;pixels;0
58;Medial terminal nucleus of the accessory optic tract;69721;69720.538513;pixels;4;143;143;pixels;0.002051;0.88000;53991.9424;7.408512867282952e-05
615;Substantia nigra, lateral part;0;0;pixels;0;0;0;pixels;0
348;Midbrain, behavioral state related;0;0;pixels;0;0;0;pixels;0
374;Substantia nigra, compact part;347411;347410.888489;pixels;61;2486;2486;pixels;0.007156;0.88000;269035.0784;0.00022673623217752114
1052;Pedunculopontine nucleus;0;0;pixels;0;0;0;pixels;0
165;Midbrain raphe nuclei;0;0;pixels;0;0;0;pixels;0
12;Interfascicular nucleus raphe;164469;164468.962646;pixels;119;4651;4651;pixels;0.028279;0.88000;127364.7936;0.0009343241302123854
100;Interpeduncular nucleus;0;0;pixels;0;0;0;pixels;0
607344834;Interpeduncular nucleus, rostral;0;0;pixels;0;0;0;pixels;0
607344838;Interpeduncular nucleus, caudal;0;0;pixels;0;0;0;pixels;0
607344842;Interpeduncular nucleus, apical;0;0;pixels;0;0;0;pixels;0
607344846;Interpeduncular nucleus, lateral;0;0;pixels;0;0;0;pixels;0
607344850;Interpeduncular nucleus, intermediate;0;0;pixels;0;0;0;pixels;0
607344854;Interpeduncular nucleus, dorsomedial;0;0;pixels;0;0;0;pixels;0
607344858;Interpeduncular nucleus, dorsolateral;0;0;pixels;0;0;0;pixels;0
607344862;Interpeduncular nucleus, rostrolateral;0;0;pixels;0;0;0;pixels;0
197;Rostral linear nucleus raphe;0;0;pixels;0;0;0;pixels;0
591;Central linear nucleus raphe;0;0;pixels;0;0;0;pixels;0
872;Dorsal nucleus raphe;0;0;pixels;0;0;0;pixels;0
1065;Hindbrain;0;0;pixels;0;0;0;pixels;0
771;Pons;0;0;pixels;0;0;0;pixels;0
1132;Pons, sensory related;0;0;pixels;0;0;0;pixels;0
612;Nucleus of the lateral lemniscus;0;0;pixels;0;0;0;pixels;0
82;Nucleus of the lateral lemniscus, dorsal part;0;0;pixels;0;0;0;pixels;0
90;Nucleus of the lateral lemniscus, horizontal part;0;0;pixels;0;0;0;pixels;0
99;Nucleus of the lateral lemniscus, ventral part;0;0;pixels;0;0;0;pixels;0
7;Principal sensory nucleus of the trigeminal;0;0;pixels;0;0;0;pixels;0
867;Parabrachial nucleus;0;0;pixels;0;0;0;pixels;0
123;Koelliker-Fuse subnucleus;0;0;pixels;0;0;0;pixels;0
881;Parabrachial nucleus, lateral division;0;0;pixels;0;0;0;pixels;0
860;Parabrachial nucleus, lateral division, central lateral part;0;0;pixels;0;0;0;pixels;0
868;Parabrachial nucleus, lateral division, dorsal lateral part;0;0;pixels;0;0;0;pixels;0
875;Parabrachial nucleus, lateral division, external lateral part;0;0;pixels;0;0;0;pixels;0
883;Parabrachial nucleus, lateral division, superior lateral part;0;0;pixels;0;0;0;pixels;0
891;Parabrachial nucleus, lateral division, ventral lateral part;0;0;pixels;0;0;0;pixels;0
890;Parabrachial nucleus, medial division;0;0;pixels;0;0;0;pixels;0
899;Parabrachial nucleus, medial division, external medial part;0;0;pixels;0;0;0;pixels;0
915;Parabrachial nucleus, medial division, medial medial part;0;0;pixels;0;0;0;pixels;0
923;Parabrachial nucleus, medial division, ventral medial part;0;0;pixels;0;0;0;pixels;0
398;Superior olivary complex;0;0;pixels;0;0;0;pixels;0
122;Superior olivary complex, periolivary region;0;0;pixels;0;0;0;pixels;0
105;Superior olivary complex, medial part;0;0;pixels;0;0;0;pixels;0
114;Superior olivary complex, lateral part;0;0;pixels;0;0;0;pixels;0
987;Pons, motor related;0;0;pixels;0;0;0;pixels;0
280;Barrington's nucleus;0;0;pixels;0;0;0;pixels;0
880;Dorsal tegmental nucleus;0;0;pixels;0;0;0;pixels;0
283;Lateral tegmental nucleus;0;0;pixels;0;0;0;pixels;0
599626927;Posterodorsal tegmental nucleus;0;0;pixels;0;0;0;pixels;0
898;Pontine central gray;0;0;pixels;0;0;0;pixels;0
931;Pontine gray;0;0;pixels;0;0;0;pixels;0
1093;Pontine reticular nucleus, caudal part;0;0;pixels;0;0;0;pixels;0
552;Pontine reticular nucleus, ventral part;0;0;pixels;0;0;0;pixels;0
318;Supragenual nucleus;0;0;pixels;0;0;0;pixels;0
462;Superior salivatory nucleus;0;0;pixels;0;0;0;pixels;0
534;Supratrigeminal nucleus;0;0;pixels;0;0;0;pixels;0
574;Tegmental reticular nucleus;0;0;pixels;0;0;0;pixels;0
621;Motor nucleus of trigeminal;0;0;pixels;0;0;0;pixels;0
549009215;Peritrigeminal zone;0;0;pixels;0;0;0;pixels;0
549009219;Accessory trigeminal nucleus;0;0;pixels;0;0;0;pixels;0
549009223;Parvicellular motor 5 nucleus;0;0;pixels;0;0;0;pixels;0
549009227;Intertrigeminal nucleus;0;0;pixels;0;0;0;pixels;0
1117;Pons, behavioral state related;0;0;pixels;0;0;0;pixels;0
679;Superior central nucleus raphe;0;0;pixels;0;0;0;pixels;0
137;Superior central nucleus raphe, lateral part;0;0;pixels;0;0;0;pixels;0
130;Superior central nucleus raphe, medial part;0;0;pixels;0;0;0;pixels;0
147;Locus ceruleus;0;0;pixels;0;0;0;pixels;0
162;Laterodorsal tegmental nucleus;0;0;pixels;0;0;0;pixels;0
604;Nucleus incertus;0;0;pixels;0;0;0;pixels;0
146;Pontine reticular nucleus;0;0;pixels;0;0;0;pixels;0
238;Nucleus raphe pontis;0;0;pixels;0;0;0;pixels;0
350;Subceruleus nucleus;0;0;pixels;0;0;0;pixels;0
358;Sublaterodorsal nucleus;0;0;pixels;0;0;0;pixels;0
354;Medulla;0;0;pixels;0;0;0;pixels;0
386;Medulla, sensory related;0;0;pixels;0;0;0;pixels;0
207;Area postrema;0;0;pixels;0;0;0;pixels;0
607;Cochlear nuclei;0;0;pixels;0;0;0;pixels;0
112;Granular lamina of the cochlear nuclei;0;0;pixels;0;0;0;pixels;0
560;Cochlear nucleus, subpedunclular granular region;0;0;pixels;0;0;0;pixels;0
96;Dorsal cochlear nucleus;0;0;pixels;0;0;0;pixels;0
101;Ventral cochlear nucleus;0;0;pixels;0;0;0;pixels;0
720;Dorsal column nuclei;0;0;pixels;0;0;0;pixels;0
711;Cuneate nucleus;0;0;pixels;0;0;0;pixels;0
1039;Gracile nucleus;0;0;pixels;0;0;0;pixels;0
903;External cuneate nucleus;0;0;pixels;0;0;0;pixels;0
642;Nucleus of the trapezoid body;0;0;pixels;0;0;0;pixels;0
651;Nucleus of the solitary tract;0;0;pixels;0;0;0;pixels;0
659;Nucleus of the solitary tract, central part;0;0;pixels;0;0;0;pixels;0
666;Nucleus of the solitary tract, commissural part;0;0;pixels;0;0;0;pixels;0
674;Nucleus of the solitary tract, gelatinous part;0;0;pixels;0;0;0;pixels;0
682;Nucleus of the solitary tract, lateral part;0;0;pixels;0;0;0;pixels;0
691;Nucleus of the solitary tract, medial part;0;0;pixels;0;0;0;pixels;0
429;Spinal nucleus of the trigeminal, caudal part;0;0;pixels;0;0;0;pixels;0
437;Spinal nucleus of the trigeminal, interpolar part;0;0;pixels;0;0;0;pixels;0
445;Spinal nucleus of the trigeminal, oral part;0;0;pixels;0;0;0;pixels;0
77;Spinal nucleus of the trigeminal, oral part, caudal dorsomedial part;0;0;pixels;0;0;0;pixels;0
53;Spinal nucleus of the trigeminal, oral part, middle dorsomedial part, dorsal zone;0;0;pixels;0;0;0;pixels;0
61;Spinal nucleus of the trigeminal, oral part, middle dorsomedial part, ventral zone;0;0;pixels;0;0;0;pixels;0
45;Spinal nucleus of the trigeminal, oral part, rostral dorsomedial part;0;0;pixels;0;0;0;pixels;0
69;Spinal nucleus of the trigeminal, oral part, ventrolateral part;0;0;pixels;0;0;0;pixels;0
589508451;Paratrigeminal nucleus;0;0;pixels;0;0;0;pixels;0
789;Nucleus z;0;0;pixels;0;0;0;pixels;0
370;Medulla, motor related;0;0;pixels;0;0;0;pixels;0
653;Abducens nucleus;0;0;pixels;0;0;0;pixels;0
568;Accessory abducens nucleus;0;0;pixels;0;0;0;pixels;0
661;Facial motor nucleus;0;0;pixels;0;0;0;pixels;0
576;Accessory facial motor nucleus;0;0;pixels;0;0;0;pixels;0
640;Efferent vestibular nucleus;0;0;pixels;0;0;0;pixels;0
135;Nucleus ambiguus;0;0;pixels;0;0;0;pixels;0
939;Nucleus ambiguus, dorsal division;0;0;pixels;0;0;0;pixels;0
143;Nucleus ambiguus, ventral division;0;0;pixels;0;0;0;pixels;0
839;Dorsal motor nucleus of the vagus nerve;0;0;pixels;0;0;0;pixels;0
887;Efferent cochlear group;0;0;pixels;0;0;0;pixels;0
1048;Gigantocellular reticular nucleus;0;0;pixels;0;0;0;pixels;0
372;Infracerebellar nucleus;0;0;pixels;0;0;0;pixels;0
83;Inferior olivary complex;0;0;pixels;0;0;0;pixels;0
136;Intermediate reticular nucleus;0;0;pixels;0;0;0;pixels;0
106;Inferior salivatory nucleus;0;0;pixels;0;0;0;pixels;0
203;Linear nucleus of the medulla;0;0;pixels;0;0;0;pixels;0
235;Lateral reticular nucleus;0;0;pixels;0;0;0;pixels;0
955;Lateral reticular nucleus, magnocellular part;0;0;pixels;0;0;0;pixels;0
963;Lateral reticular nucleus, parvicellular part;0;0;pixels;0;0;0;pixels;0
307;Magnocellular reticular nucleus;0;0;pixels;0;0;0;pixels;0
395;Medullary reticular nucleus;0;0;pixels;0;0;0;pixels;0
1098;Medullary reticular nucleus, dorsal part;0;0;pixels;0;0;0;pixels;0
1107;Medullary reticular nucleus, ventral part;0;0;pixels;0;0;0;pixels;0
852;Parvicellular reticular nucleus;0;0;pixels;0;0;0;pixels;0
859;Parasolitary nucleus;0;0;pixels;0;0;0;pixels;0
938;Paragigantocellular reticular nucleus;0;0;pixels;0;0;0;pixels;0
970;Paragigantocellular reticular nucleus, dorsal part;0;0;pixels;0;0;0;pixels;0
978;Paragigantocellular reticular nucleus, lateral part;0;0;pixels;0;0;0;pixels;0
154;Perihypoglossal nuclei;0;0;pixels;0;0;0;pixels;0
161;Nucleus intercalatus;0;0;pixels;0;0;0;pixels;0
177;Nucleus of Roller;0;0;pixels;0;0;0;pixels;0
169;Nucleus prepositus;0;0;pixels;0;0;0;pixels;0
995;Paramedian reticular nucleus;0;0;pixels;0;0;0;pixels;0
1069;Parapyramidal nucleus;0;0;pixels;0;0;0;pixels;0
185;Parapyramidal nucleus, deep part;0;0;pixels;0;0;0;pixels;0
193;Parapyramidal nucleus, superficial part;0;0;pixels;0;0;0;pixels;0
701;Vestibular nuclei;0;0;pixels;0;0;0;pixels;0
209;Lateral vestibular nucleus;0;0;pixels;0;0;0;pixels;0
202;Medial vestibular nucleus;0;0;pixels;0;0;0;pixels;0
225;Spinal vestibular nucleus;0;0;pixels;0;0;0;pixels;0
217;Superior vestibular nucleus;0;0;pixels;0;0;0;pixels;0
765;Nucleus x;0;0;pixels;0;0;0;pixels;0
773;Hypoglossal nucleus;0;0;pixels;0;0;0;pixels;0
781;Nucleus y;0;0;pixels;0;0;0;pixels;0
76;Interstitial nucleus of the vestibular nerve;0;0;pixels;0;0;0;pixels;0
379;Medulla, behavioral state related;0;0;pixels;0;0;0;pixels;0
206;Nucleus raphe magnus;0;0;pixels;0;0;0;pixels;0
230;Nucleus raphe pallidus;0;0;pixels;0;0;0;pixels;0
222;Nucleus raphe obscurus;0;0;pixels;0;0;0;pixels;0
512;Cerebellum;0;0;pixels;0;0;0;pixels;0
528;Cerebellar cortex;0;0;pixels;0;0;0;pixels;0
1144;Cerebellar cortex, molecular layer;0;0;pixels;0;0;0;pixels;0
1145;Cerebellar cortex, Purkinje layer;0;0;pixels;0;0;0;pixels;0
1143;Cerebellar cortex, granular layer;0;0;pixels;0;0;0;pixels;0
645;Vermal regions;0;0;pixels;0;0;0;pixels;0
912;Lingula (I);0;0;pixels;0;0;0;pixels;0
10707;Lingula (I), molecular layer;0;0;pixels;0;0;0;pixels;0
10706;Lingula (I), Purkinje layer;0;0;pixels;0;0;0;pixels;0
10705;Lingula (I), granular layer;0;0;pixels;0;0;0;pixels;0
920;Central lobule;0;0;pixels;0;0;0;pixels;0
976;Lobule II;0;0;pixels;0;0;0;pixels;0
10710;Lobule II, molecular layer;0;0;pixels;0;0;0;pixels;0
10709;Lobule II, Purkinje layer;0;0;pixels;0;0;0;pixels;0
10708;Lobule II, granular layer;0;0;pixels;0;0;0;pixels;0
984;Lobule III;0;0;pixels;0;0;0;pixels;0
10713;Lobule III, molecular layer;0;0;pixels;0;0;0;pixels;0
10712;Lobule III, Purkinje layer;0;0;pixels;0;0;0;pixels;0
10711;Lobule III, granular layer;0;0;pixels;0;0;0;pixels;0
928;Culmen;0;0;pixels;0;0;0;pixels;0
992;Lobule IV;0;0;pixels;0;0;0;pixels;0
10716;Lobule IV, molecular layer;0;0;pixels;0;0;0;pixels;0
10715;Lobule IV, Purkinje layer;0;0;pixels;0;0;0;pixels;0
10714;Lobule IV, granular layer;0;0;pixels;0;0;0;pixels;0
1001;Lobule V;0;0;pixels;0;0;0;pixels;0
10719;Lobule V, molecular layer;0;0;pixels;0;0;0;pixels;0
10718;Lobule V, Purkinje layer;0;0;pixels;0;0;0;pixels;0
10717;Lobule V, granular layer;0;0;pixels;0;0;0;pixels;0
1091;Lobules IV-V;0;0;pixels;0;0;0;pixels;0
10722;Lobules IV-V, molecular layer;0;0;pixels;0;0;0;pixels;0
10721;Lobules IV-V, Purkinje layer;0;0;pixels;0;0;0;pixels;0
10720;Lobules IV-V, granular layer;0;0;pixels;0;0;0;pixels;0
936;Declive (VI);0;0;pixels;0;0;0;pixels;0
10725;Declive (VI), molecular layer;0;0;pixels;0;0;0;pixels;0
10724;Declive (VI), Purkinje layer;0;0;pixels;0;0;0;pixels;0
10723;Declive (VI), granular layer;0;0;pixels;0;0;0;pixels;0
944;Folium-tuber vermis (VII);0;0;pixels;0;0;0;pixels;0
10728;Folium-tuber vermis (VII), molecular layer;0;0;pixels;0;0;0;pixels;0
10727;Folium-tuber vermis (VII), Purkinje layer;0;0;pixels;0;0;0;pixels;0
10726;Folium-tuber vermis (VII), granular layer;0;0;pixels;0;0;0;pixels;0
951;Pyramus (VIII);0;0;pixels;0;0;0;pixels;0
10731;Pyramus (VIII), molecular layer;0;0;pixels;0;0;0;pixels;0
10730;Pyramus (VIII), Purkinje layer;0;0;pixels;0;0;0;pixels;0
10729;Pyramus (VIII), granular layer;0;0;pixels;0;0;0;pixels;0
957;Uvula (IX);0;0;pixels;0;0;0;pixels;0
10734;Uvula (IX), molecular layer;0;0;pixels;0;0;0;pixels;0
10733;Uvula (IX), Purkinje layer;0;0;pixels;0;0;0;pixels;0
10732;Uvula (IX), granular layer;0;0;pixels;0;0;0;pixels;0
968;Nodulus (X);0;0;pixels;0;0;0;pixels;0
10737;Nodulus (X), molecular layer;0;0;pixels;0;0;0;pixels;0
10736;Nodulus (X), Purkinje layer;0;0;pixels;0;0;0;pixels;0
10735;Nodulus (X), granular layer;0;0;pixels;0;0;0;pixels;0
1073;Hemispheric regions;0;0;pixels;0;0;0;pixels;0
1007;Simple lobule;0;0;pixels;0;0;0;pixels;0
10674;Simple lobule, molecular layer;0;0;pixels;0;0;0;pixels;0
10673;Simple lobule, Purkinje layer;0;0;pixels;0;0;0;pixels;0
10672;Simple lobule, granular layer;0;0;pixels;0;0;0;pixels;0
1017;Ansiform lobule;0;0;pixels;0;0;0;pixels;0
1056;Crus 1;0;0;pixels;0;0;0;pixels;0
10677;Crus 1, molecular layer;0;0;pixels;0;0;0;pixels;0
10676;Crus 1, Purkinje layer;0;0;pixels;0;0;0;pixels;0
10675;Crus 1, granular layer;0;0;pixels;0;0;0;pixels;0
1064;Crus 2;0;0;pixels;0;0;0;pixels;0
10680;Crus 2, molecular layer;0;0;pixels;0;0;0;pixels;0
10679;Crus 2, Purkinje layer;0;0;pixels;0;0;0;pixels;0
10678;Crus 2, granular layer;0;0;pixels;0;0;0;pixels;0
1025;Paramedian lobule;0;0;pixels;0;0;0;pixels;0
10683;Paramedian lobule, molecular layer;0;0;pixels;0;0;0;pixels;0
10682;Paramedian lobule, Purkinje layer;0;0;pixels;0;0;0;pixels;0
10681;Paramedian lobule, granular layer;0;0;pixels;0;0;0;pixels;0
1033;Copula pyramidis;0;0;pixels;0;0;0;pixels;0
10686;Copula pyramidis, molecular layer;0;0;pixels;0;0;0;pixels;0
10685;Copula pyramidis, Purkinje layer;0;0;pixels;0;0;0;pixels;0
10684;Copula pyramidis, granular layer;0;0;pixels;0;0;0;pixels;0
1041;Paraflocculus;0;0;pixels;0;0;0;pixels;0
10689;Paraflocculus, molecular layer;0;0;pixels;0;0;0;pixels;0
10688;Paraflocculus, Purkinje layer;0;0;pixels;0;0;0;pixels;0
10687;Paraflocculus, granular layer;0;0;pixels;0;0;0;pixels;0
1049;Flocculus;0;0;pixels;0;0;0;pixels;0
10692;Flocculus, molecular layer;0;0;pixels;0;0;0;pixels;0
10691;Flocculus, Purkinje layer;0;0;pixels;0;0;0;pixels;0
10690;Flocculus, granular layer;0;0;pixels;0;0;0;pixels;0
519;Cerebellar nuclei;0;0;pixels;0;0;0;pixels;0
989;Fastigial nucleus;0;0;pixels;0;0;0;pixels;0
91;Interposed nucleus;0;0;pixels;0;0;0;pixels;0
846;Dentate nucleus;0;0;pixels;0;0;0;pixels;0
589508455;Vestibulocerebellar nucleus;0;0;pixels;0;0;0;pixels;0
1009;fiber tracts;170428;170427.983032;pixels;7;316;316;pixels;0.001854;0.88000;131979.4432;5.303856290249904e-05
967;cranial nerves;0;0;pixels;0;0;0;pixels;0
885;terminal nerve;0;0;pixels;0;0;0;pixels;0
949;vomeronasal nerve;0;0;pixels;0;0;0;pixels;0
840;olfactory nerve;0;0;pixels;0;0;0;pixels;0
1016;olfactory nerve layer of main olfactory bulb;0;0;pixels;0;0;0;pixels;0
21;lateral olfactory tract, general;0;0;pixels;0;0;0;pixels;0
665;lateral olfactory tract, body;0;0;pixels;0;0;0;pixels;0
538;dorsal limb;0;0;pixels;0;0;0;pixels;0
459;accessory olfactory tract;0;0;pixels;0;0;0;pixels;0
900;anterior commissure, olfactory limb;0;0;pixels;0;0;0;pixels;0
848;optic nerve;0;0;pixels;0;0;0;pixels;0
876;accessory optic tract;0;0;pixels;0;0;0;pixels;0
916;brachium of the superior colliculus;146592;146591.901489;pixels;13;453;453;pixels;0.003090;0.88000;113520.8448;0.0001145164134648864
336;superior colliculus commissure;0;0;pixels;0;0;0;pixels;0
117;optic chiasm;0;0;pixels;0;0;0;pixels;0
125;optic tract;3575;3575.412231;pixels;0;0;0;pixels;0;0.88000;2768.48;0.0
357;tectothalamic pathway;0;0;pixels;0;0;0;pixels;0
832;oculomotor nerve;0;0;pixels;0;0;0;pixels;0
62;medial longitudinal fascicle;0;0;pixels;0;0;0;pixels;0
158;posterior commissure;116201;116200.897522;pixels;35;1558;1558;pixels;0.013408;0.88000;89986.05440000001;0.0003889491569929306
911;trochlear nerve;0;0;pixels;0;0;0;pixels;0
384;trochlear nerve decussation;0;0;pixels;0;0;0;pixels;0
710;abducens nerve;0;0;pixels;0;0;0;pixels;0
901;trigeminal nerve;0;0;pixels;0;0;0;pixels;0
93;motor root of the trigeminal nerve;0;0;pixels;0;0;0;pixels;0
229;sensory root of the trigeminal nerve;0;0;pixels;0;0;0;pixels;0
705;midbrain tract of the trigeminal nerve;0;0;pixels;0;0;0;pixels;0
794;spinal tract of the trigeminal nerve;0;0;pixels;0;0;0;pixels;0
798;facial nerve;0;0;pixels;0;0;0;pixels;0
1131;intermediate nerve;0;0;pixels;0;0;0;pixels;0
1116;genu of the facial nerve;0;0;pixels;0;0;0;pixels;0
933;vestibulocochlear nerve;0;0;pixels;0;0;0;pixels;0
1076;efferent cochleovestibular bundle;0;0;pixels;0;0;0;pixels;0
413;vestibular nerve;0;0;pixels;0;0;0;pixels;0
948;cochlear nerve;0;0;pixels;0;0;0;pixels;0
841;trapezoid body;0;0;pixels;0;0;0;pixels;0
641;intermediate acoustic stria;0;0;pixels;0;0;0;pixels;0
506;dorsal acoustic stria;0;0;pixels;0;0;0;pixels;0
658;lateral lemniscus;0;0;pixels;0;0;0;pixels;0
633;inferior colliculus commissure;0;0;pixels;0;0;0;pixels;0
482;brachium of the inferior colliculus;0;0;pixels;0;0;0;pixels;0
808;glossopharyngeal nerve;0;0;pixels;0;0;0;pixels;0
917;vagus nerve;0;0;pixels;0;0;0;pixels;0
237;solitary tract;0;0;pixels;0;0;0;pixels;0
717;accessory spinal nerve;0;0;pixels;0;0;0;pixels;0
813;hypoglossal nerve;0;0;pixels;0;0;0;pixels;0
925;ventral roots;0;0;pixels;0;0;0;pixels;0
792;dorsal roots;0;0;pixels;0;0;0;pixels;0
932;cervicothalamic tract;0;0;pixels;0;0;0;pixels;0
570;dorsolateral fascicle;0;0;pixels;0;0;0;pixels;0
522;dorsal commissure of the spinal cord;0;0;pixels;0;0;0;pixels;0
858;ventral commissure of the spinal cord;0;0;pixels;0;0;0;pixels;0
586;fasciculus proprius;0;0;pixels;0;0;0;pixels;0
514;dorsal column;0;0;pixels;0;0;0;pixels;0
380;cuneate fascicle;0;0;pixels;0;0;0;pixels;0
388;gracile fascicle;0;0;pixels;0;0;0;pixels;0
396;internal arcuate fibers;0;0;pixels;0;0;0;pixels;0
697;medial lemniscus;183538;183537.827881;pixels;45;1591;1591;pixels;0.008669;0.88000;142131.8272;0.00031660748254983386
871;spinothalamic tract;0;0;pixels;0;0;0;pixels;0
29;lateral spinothalamic tract;0;0;pixels;0;0;0;pixels;0
389;ventral spinothalamic tract;0;0;pixels;0;0;0;pixels;0
245;spinocervical tract;0;0;pixels;0;0;0;pixels;0
261;spino-olivary pathway;0;0;pixels;0;0;0;pixels;0
270;spinoreticular pathway;0;0;pixels;0;0;0;pixels;0
293;spinovestibular pathway;0;0;pixels;0;0;0;pixels;0
277;spinotectal pathway;0;0;pixels;0;0;0;pixels;0
253;spinohypothalamic pathway;0;0;pixels;0;0;0;pixels;0
285;spinotelenchephalic pathway;0;0;pixels;0;0;0;pixels;0
627;hypothalamohypophysial tract;0;0;pixels;0;0;0;pixels;0
960;cerebellum related fiber tracts;0;0;pixels;0;0;0;pixels;0
744;cerebellar commissure;0;0;pixels;0;0;0;pixels;0
752;cerebellar peduncles;0;0;pixels;0;0;0;pixels;0
326;superior cerebelar peduncles;0;0;pixels;0;0;0;pixels;0
812;superior cerebellar peduncle decussation;0;0;pixels;0;0;0;pixels;0
85;spinocerebellar tract;0;0;pixels;0;0;0;pixels;0
850;uncinate fascicle;0;0;pixels;0;0;0;pixels;0
866;ventral spinocerebellar tract;0;0;pixels;0;0;0;pixels;0
78;middle cerebellar peduncle;0;0;pixels;0;0;0;pixels;0
1123;inferior cerebellar peduncle;0;0;pixels;0;0;0;pixels;0
553;dorsal spinocerebellar tract;0;0;pixels;0;0;0;pixels;0
499;cuneocerebellar tract;0;0;pixels;0;0;0;pixels;0
650;juxtarestiform body;0;0;pixels;0;0;0;pixels;0
490;bulbocerebellar tract;0;0;pixels;0;0;0;pixels;0
404;olivocerebellar tract;0;0;pixels;0;0;0;pixels;0
410;reticulocerebellar tract;0;0;pixels;0;0;0;pixels;0
373;trigeminocerebellar tract;0;0;pixels;0;0;0;pixels;0
728;arbor vitae;0;0;pixels;0;0;0;pixels;0
484682512;supra-callosal cerebral white matter;32775;32774.612122;pixels;7;259;259;pixels;0.007902;0.88000;25380.96;0.0002757972905674175
983;lateral forebrain bundle system;0;0;pixels;0;0;0;pixels;0
776;corpus callosum;0;0;pixels;0;0;0;pixels;0
956;corpus callosum, anterior forceps;0;0;pixels;0;0;0;pixels;0
579;external capsule;198435;198435.378845;pixels;23;968;968;pixels;0.004878;0.88000;153668.06399999998;0.0001496732593702749
964;corpus callosum, extreme capsule;0;0;pixels;0;0;0;pixels;0
1108;genu of corpus callosum;0;0;pixels;0;0;0;pixels;0
971;corpus callosum, posterior forceps;838434;838434.168274;pixels;78;2692;2692;pixels;0.003211;0.88000;649283.2896;0.00012013246182271684
979;corpus callosum, rostrum;0;0;pixels;0;0;0;pixels;0
484682516;corpus callosum, body;0;0;pixels;0;0;0;pixels;0
986;corpus callosum, splenium;0;0;pixels;0;0;0;pixels;0
784;corticospinal tract;0;0;pixels;0;0;0;pixels;0
6;internal capsule;0;0;pixels;0;0;0;pixels;0
924;cerebal peduncle;721041;721041.466675;pixels;20;483;483;pixels;0.000670;0.88000;558374.1503999999;3.581827702029668e-05
1036;corticotectal tract;0;0;pixels;0;0;0;pixels;0
1012;corticorubral tract;0;0;pixels;0;0;0;pixels;0
1003;corticopontine tract;0;0;pixels;0;0;0;pixels;0
994;corticobulbar tract;0;0;pixels;0;0;0;pixels;0
190;pyramid;0;0;pixels;0;0;0;pixels;0
198;pyramidal decussation;0;0;pixels;0;0;0;pixels;0
1019;corticospinal tract, crossed;0;0;pixels;0;0;0;pixels;0
1028;corticospinal tract, uncrossed;0;0;pixels;0;0;0;pixels;0
896;thalamus related;0;0;pixels;0;0;0;pixels;0
1092;external medullary lamina of the thalamus;0;0;pixels;0;0;0;pixels;0
14;internal medullary lamina of the thalamus;0;0;pixels;0;0;0;pixels;0
86;middle thalamic commissure;0;0;pixels;0;0;0;pixels;0
365;thalamic peduncles;0;0;pixels;0;0;0;pixels;0
484682520;optic radiation;494003;494002.789978;pixels;26;549;549;pixels;0.001111;0.88000;382555.9232;6.796391958204556e-05
484682524;auditory radiation;42309;42309.044739;pixels;2;28;28;pixels;0.000662;0.88000;32764.0896;6.104244080690098e-05
1000;extrapyramidal fiber systems;0;0;pixels;0;0;0;pixels;0
760;cerebral nuclei related;0;0;pixels;0;0;0;pixels;0
142;pallidothalamic pathway;0;0;pixels;0;0;0;pixels;0
102;nigrostriatal tract;0;0;pixels;0;0;0;pixels;0
109;nigrothalamic fibers;0;0;pixels;0;0;0;pixels;0
134;pallidotegmental fascicle;0;0;pixels;0;0;0;pixels;0
309;striatonigral pathway;0;0;pixels;0;0;0;pixels;0
317;subthalamic fascicle;0;0;pixels;0;0;0;pixels;0
877;tectospinal pathway;0;0;pixels;0;0;0;pixels;0
1051;direct tectospinal pathway;0;0;pixels;0;0;0;pixels;0
1060;doral tegmental decussation;0;0;pixels;0;0;0;pixels;0
1043;crossed tectospinal pathway;0;0;pixels;0;0;0;pixels;0
863;rubrospinal tract;0;0;pixels;0;0;0;pixels;0
397;ventral tegmental decussation;0;0;pixels;0;0;0;pixels;0
221;rubroreticular tract;0;0;pixels;0;0;0;pixels;0
736;central tegmental bundle;0;0;pixels;0;0;0;pixels;0
855;retriculospinal tract;0;0;pixels;0;0;0;pixels;0
205;retriculospinal tract, lateral part;0;0;pixels;0;0;0;pixels;0
213;retriculospinal tract, medial part;0;0;pixels;0;0;0;pixels;0
941;vestibulospinal pathway;0;0;pixels;0;0;0;pixels;0
991;medial forebrain bundle system;0;0;pixels;0;0;0;pixels;0
768;cerebrum related;0;0;pixels;0;0;0;pixels;0
884;amygdalar capsule;0;0;pixels;0;0;0;pixels;0
892;ansa peduncularis;0;0;pixels;0;0;0;pixels;0
908;anterior commissure, temporal limb;0;0;pixels;0;0;0;pixels;0
940;cingulum bundle;189497;189496.848267;pixels;79;2614;2614;pixels;0.013794;0.88000;146746.4768;0.0005383434186816538
1099;fornix system;0;0;pixels;0;0;0;pixels;0
466;alveus;511284;511283.949097;pixels;51;1782;1782;pixels;0.003485;0.88000;395938.3296;0.0001288079384774977
530;dorsal fornix;0;0;pixels;0;0;0;pixels;0
603;fimbria;0;0;pixels;0;0;0;pixels;0
745;precommissural fornix, general;0;0;pixels;0;0;0;pixels;0
420;precommissural fornix diagonal band;0;0;pixels;0;0;0;pixels;0
737;postcommissural fornix;0;0;pixels;0;0;0;pixels;0
428;medial corticohypothalamic tract;0;0;pixels;0;0;0;pixels;0
436;columns of the fornix;0;0;pixels;0;0;0;pixels;0
618;hippocampal commissures;0;0;pixels;0;0;0;pixels;0
443;dorsal hippocampal commissure;309273;309273.158020;pixels;19;464;464;pixels;0.001500;0.88000;239501.01119999998;7.933160659657374e-05
449;ventral hippocampal commissure;0;0;pixels;0;0;0;pixels;0
713;perforant path;0;0;pixels;0;0;0;pixels;0
474;angular path;0;0;pixels;0;0;0;pixels;0
37;longitudinal association bundle;0;0;pixels;0;0;0;pixels;0
301;stria terminalis;0;0;pixels;0;0;0;pixels;0
484682528;commissural branch of stria terminalis;0;0;pixels;0;0;0;pixels;0
824;hypothalamus related;0;0;pixels;0;0;0;pixels;0
54;medial forebrain bundle;18473;18472.963196;pixels;14;675;675;pixels;0.036540;0.88000;14305.4912;0.0009786451792721386
405;ventrolateral hypothalamic tract;0;0;pixels;0;0;0;pixels;0
174;preoptic commissure;0;0;pixels;0;0;0;pixels;0
349;supraoptic commissures;0;0;pixels;0;0;0;pixels;0
817;supraoptic commissures, anterior;0;0;pixels;0;0;0;pixels;0
825;supraoptic commissures, dorsal;0;0;pixels;0;0;0;pixels;0
833;supraoptic commissures, ventral;0;0;pixels;0;0;0;pixels;0
166;premammillary commissure;0;0;pixels;0;0;0;pixels;0
341;supramammillary decussation;0;0;pixels;0;0;0;pixels;0
182;propriohypothalamic pathways;0;0;pixels;0;0;0;pixels;0
762;propriohypothalamic pathways, dorsal;0;0;pixels;0;0;0;pixels;0
770;propriohypothalamic pathways, lateral;0;0;pixels;0;0;0;pixels;0
779;propriohypothalamic pathways, medial;0;0;pixels;0;0;0;pixels;0
787;propriohypothalamic pathways, ventral;0;0;pixels;0;0;0;pixels;0
150;periventricular bundle of the hypothalamus;0;0;pixels;0;0;0;pixels;0
46;mammillary related;0;0;pixels;0;0;0;pixels;0
753;principal mammillary tract;7747;7746.726501;pixels;0;0;0;pixels;0;0.88000;5999.2768;0.0
690;mammillothalamic tract;0;0;pixels;0;0;0;pixels;0
681;mammillotegmental tract;20857;20856.571350;pixels;7;137;137;pixels;0.006569;0.88000;16151.6608;0.000433391964249274
673;mammillary peduncle;25624;25623.787659;pixels;7;226;226;pixels;0.008820;0.88000;19843.225599999998;0.0003527652278468275
1068;dorsal thalamus related;0;0;pixels;0;0;0;pixels;0
722;periventricular bundle of the thalamus;0;0;pixels;0;0;0;pixels;0
1083;epithalamus related;0;0;pixels;0;0;0;pixels;0
802;stria medullaris;0;0;pixels;0;0;0;pixels;0
595;fasciculus retroflexus;83426;83426.285400;pixels;7;353;353;pixels;0.004231;0.88000;64605.0944;0.00010835058852572469
611;habenular commissure;0;0;pixels;0;0;0;pixels;0
730;pineal stalk;0;0;pixels;0;0;0;pixels;0
70;midbrain related;0;0;pixels;0;0;0;pixels;0
547;dorsal longitudinal fascicle;0;0;pixels;0;0;0;pixels;0
563;dorsal tegmental tract;0;0;pixels;0;0;0;pixels;0
73;ventricular systems;0;0;pixels;0;0;0;pixels;0
81;lateral ventricle;31583;31582.808044;pixels;6;299;299;pixels;0.009467;0.88000;24457.875200000002;0.00024531975696727735
89;rhinocele;0;0;pixels;0;0;0;pixels;0
98;subependymal zone;0;0;pixels;0;0;0;pixels;0
108;choroid plexus;0;0;pixels;0;0;0;pixels;0
116;choroid fissure;0;0;pixels;0;0;0;pixels;0
124;interventricular foramen;0;0;pixels;0;0;0;pixels;0
129;third ventricle;0;0;pixels;0;0;0;pixels;0
140;cerebral aqueduct;5363;5363.118347;pixels;0;0;0;pixels;0;0.88000;4153.1071999999995;0.0
145;fourth ventricle;0;0;pixels;0;0;0;pixels;0
153;lateral recess;0;0;pixels;0;0;0;pixels;0
164;central canal, spinal cord/medulla;0;0;pixels;0;0;0;pixels;0
1024;grooves;0;0;pixels;0;0;0;pixels;0
1032;grooves of the cerebral cortex;0;0;pixels;0;0;0;pixels;0
1055;endorhinal groove;0;0;pixels;0;0;0;pixels;0
1063;hippocampal fissure;0;0;pixels;0;0;0;pixels;0
1071;rhinal fissure;0;0;pixels;0;0;0;pixels;0
1078;rhinal incisure;0;0;pixels;0;0;0;pixels;0
1040;grooves of the cerebellar cortex;0;0;pixels;0;0;0;pixels;0
1087;precentral fissure;0;0;pixels;0;0;0;pixels;0
1095;preculminate fissure;0;0;pixels;0;0;0;pixels;0
1103;primary fissure;0;0;pixels;0;0;0;pixels;0
1112;posterior superior fissure;0;0;pixels;0;0;0;pixels;0
1119;prepyramidal fissure;0;0;pixels;0;0;0;pixels;0
3;secondary fissure;0;0;pixels;0;0;0;pixels;0
11;posterolateral fissure;0;0;pixels;0;0;0;pixels;0
18;nodular fissure;0;0;pixels;0;0;0;pixels;0
25;simple fissure;0;0;pixels;0;0;0;pixels;0
34;intercrural fissure;0;0;pixels;0;0;0;pixels;0
43;ansoparamedian fissure;0;0;pixels;0;0;0;pixels;0
49;intraparafloccular fissure;0;0;pixels;0;0;0;pixels;0
57;paramedian sulcus;0;0;pixels;0;0;0;pixels;0
65;parafloccular sulcus;0;0;pixels;0;0;0;pixels;0
624;Interpeduncular fossa;0;0;pixels;0;0;0;pixels;0
304325711;retina;0;0;pixels;0;0;0;pixels;0
